477 1184 1020 87 697 396 1192 517 
1184 657 05 254 302 1199 657 1200 
412 605 562 867 851 480 1203 436 
673 188 827 1131 1131 851 230 673 
607 246 835 1171 1089 827 204 705 
404 1239 530 785 867 546 1215 1036 
566 713 1247 230 230 1191 705 1208 
477 1160 420 673 649 396 1224 493 
730 250 891 1172 506 907 282 746 
147 448 463 822 232 1071 408 171 
624 262 1005 218 152 1037 270 560 
703 467 1182 341 341 1158 447 695 
544 282 1029 120 132 1013 212 534 
107 1000 409 760 760 421 984 17 
624 240 825 1200 1180 895 266 672 
1022 625 1172 65 53