666 137 1235 310 920 611 145 706 
137 880 243 502 550 187 880 153 
627 843 821 1138 1122 739 191 651 
896 436 1098 166 166 1122 478 896 
830 494 1106 206 124 1098 452 928 
619 227 789 1056 1138 805 203 01 
769 936 235 478 478 179 928 161 
666 113 635 896 872 611 177 682 
563 65 690 961 295 706 97 579 
1216 242 234 578 1238 842 202 1240 
431 39 752 1194 1128 784 47 367 
507 238 920 55 55 896 218 499 
351 59 776 1096 1108 760 1239 341 
1176 794 180 516 516 192 778 1086 
457 55 624 989 969 694 81 505 
871 461 997 1134 1122