572 36 1128 199 809 504 44 612 
36 769 124 378 426 68 769 52 
520 724 692 1003 987 610 72 544 
785 312 963 24 24 987 354 785 
719 370 971 64 1232 963 328 817 
512 108 660 921 1003 676 84 1144 
668 825 116 354 354 60 817 60 
572 12 528 785 761 504 76 588 
647 158 791 1068 402 807 190 663 
57 345 349 700 110 957 305 81 
528 151 879 81 15 911 159 464 
606 353 1051 198 198 1027 333 598 
448 171 903 1233 1245 887 101 438 
17 897 295 638 638 307 881 1177 
541 148 725 1096 1076 795 174 589 
947 544 1085 1225 1213