86 764 576 881 241 1202 772 126 
764 201 768 1000 1048 712 201 780 
1218 118 38 322 306 1206 716 1242 
217 934 282 560 560 306 976 217 
151 992 290 600 518 282 950 249 
1210 752 06 240 322 22 728 592 
146 257 760 976 976 704 249 788 
86 740 1226 217 193 1202 804 102 
1041 598 22 325 909 38 630 1057 
488 839 903 45 705 261 799 512 
987 688 248 758 692 280 696 923 
1076 907 447 911 911 423 887 1068 
907 708 272 660 672 256 638 897 
448 141 849 1233 1233 861 125 358 
935 588 1206 353 333 26 614 983 
52 932 250 406 394