938 432 299 634 1244 925 440 978 
432 1204 593 867 915 537 1204 448 
941 1193 1204 292 276 1122 541 965 
1220 801 252 593 593 276 843 1220 
1154 859 260 633 551 252 817 02 
933 577 1172 210 292 1188 553 315 
1064 10 585 843 843 529 02 456 
938 408 949 1220 1196 925 472 954 
301 1026 377 634 1218 393 1058 317 
932 1172 1131 204 864 489 1132 956 
131 946 367 782 716 399 954 67 
200 1135 521 876 876 497 1115 192 
51 966 391 684 696 375 896 41 
892 474 1077 142 142 1089 458 802 
195 1016 311 662 642 381 1042 243 
633 203 722 850 838