186 870 689 997 357 65 878 226 
870 317 891 1127 1175 835 317 886 
81 241 170 459 443 88 839 105 
333 1061 419 703 703 443 1103 333 
267 1119 427 743 661 419 1077 365 
73 875 138 377 459 154 851 705 
252 373 883 1103 1103 827 365 894 
186 846 89 333 309 65 910 202 
966 514 1180 227 811 1196 546 982 
406 744 796 1179 589 154 704 430 
899 584 127 624 558 159 592 835 
985 800 320 769 769 296 780 977 
819 604 151 526 538 135 534 809 
366 46 742 1117 1117 754 30 276 
860 504 1114 255 235 1184 530 908 
1235 858 171 324 312