758 237 91 419 1029 717 245 798 
237 989 361 624 672 305 989 253 
733 961 949 23 07 867 309 757 
1005 558 1233 309 309 07 600 1005 
939 616 1241 349 267 1233 574 1037 
725 345 917 1191 23 933 321 107 
869 1045 353 600 600 297 1037 261 
758 213 741 1005 981 717 277 774 
477 1220 587 854 188 603 02 493 
1123 136 117 454 1114 725 96 1147 
333 1176 625 1057 991 657 1184 269 
406 121 788 1162 1162 764 101 398 
253 1196 649 959 971 633 1126 243 
1083 688 63 392 392 75 672 993 
371 1210 521 882 862 591 1236 419 
793 377 907 1041 1029