381 1081 910 1225 585 286 1089 421 
1081 545 1134 129 177 1078 545 1097 
302 484 432 732 716 350 1082 326 
561 63 692 989 989 716 105 561 
495 121 700 1029 947 692 79 593 
294 1118 400 650 732 416 1094 926 
463 601 1126 105 105 1070 593 1105 
381 1057 310 561 537 286 1121 397 
810 340 989 26 610 1005 372 826 
235 548 575 942 352 1183 508 259 
717 371 1130 354 288 1162 379 653 
799 579 62 484 484 38 559 791 
637 391 1154 256 268 1138 321 627 
195 1100 521 880 880 533 1084 105 
704 330 923 54 34 993 356 752 
1094 705 07 153 141