849 335 195 527 1137 821 343 889 
335 1097 477 746 794 421 1097 351 
837 1077 1077 158 142 995 425 861 
1113 680 118 451 451 142 722 1113 
1047 738 126 491 409 118 696 1145 
829 461 1045 76 158 1061 437 211 
967 1153 469 722 722 413 1145 359 
849 311 845 1113 1089 821 375 865 
390 1123 482 745 79 498 1155 406 
1028 30 00 330 990 608 1240 1052 
232 1061 496 920 854 528 1069 168 
304 04 655 1019 1019 631 1234 296 
152 1081 520 822 834 504 1011 142 
988 582 1196 268 268 1208 566 898 
284 1113 416 773 753 486 1139 332 
714 291 815 946 934