284 976 800 1111 471 176 984 324 
976 431 1013 03 51 957 431 992 
192 363 301 595 579 219 961 216 
447 1187 555 846 846 579 1229 447 
381 1245 563 886 804 555 1203 479 
184 997 269 513 595 285 973 816 
358 487 1005 1229 1229 949 479 1000 
284 952 200 447 423 176 1016 300 
889 428 1085 127 711 1101 460 905 
321 647 686 1061 471 44 607 345 
809 478 04 489 423 36 486 745 
893 690 192 626 626 168 670 885 
729 498 28 391 403 12 428 719 
281 1199 632 999 999 644 1183 191 
783 418 1019 155 135 1089 444 831 
1166 782 90 239 227