139 1050 1128 465 100 52 1059 544 
820 512 124 676 1035 963 644 92 
28 449 692 80 409 343 44 676 
278 26 963 369 735 775 385 971 
212 84 971 409 693 751 359 1003 
20 1083 660 1248 425 409 56 26 
202 568 116 652 963 955 692 100 
139 1026 528 1051 52 52 1091 520 
538 163 966 230 1107 579 262 990 
1095 232 399 999 738 698 385 439 
243 1198 829 285 577 627 245 845 
293 115 961 363 733 733 421 987 
163 1218 853 187 557 603 187 819 
1055 784 345 937 16 48 961 285 
432 153 900 258 531 567 246 916 
950 672 134 494 740