944 463 359 725 113 1066 598 1147 
438 1239 661 970 1049 696 129 632 
947 1231 28 405 425 47 731 1161 
1227 840 330 715 752 461 1042 174 
1161 898 338 755 710 437 1016 206 
939 615 1246 323 441 113 743 511 
1070 45 653 946 977 688 177 640 
944 439 1009 61 65 1066 630 1123 
125 858 225 506 1120 327 1024 311 
741 988 962 59 753 416 1095 949 
1180 749 184 623 594 320 914 60 
1246 934 332 712 750 416 1074 185 
1100 769 208 525 574 296 856 34 
701 290 908 1247 31 1016 421 795 
19 848 159 534 544 315 1008 237 
471 53 588 737 752