860 397 315 707 123 1103 658 1226 
347 1166 611 949 1061 738 196 718 
851 1151 1224 382 437 93 803 03 
1127 757 272 690 766 509 1118 269 
1061 815 280 730 724 485 1092 301 
843 535 1192 300 453 159 815 603 
979 1222 603 925 989 730 244 726 
860 373 965 43 75 1103 690 1202 
37 789 178 487 1131 366 1087 394 
647 912 909 38 765 459 1165 1038 
1081 668 127 599 607 367 989 154 
1145 850 274 687 764 465 1151 281 
1001 688 151 501 587 343 931 128 
607 214 855 1226 43 1059 491 884 
1181 779 112 515 555 354 1071 320 
391 1240 547 720 761