688 259 219 662 134 1169 772 129 
161 1013 504 898 1073 812 323 885 
653 987 1106 326 452 175 942 182 
922 586 148 630 781 597 13 456 
856 644 156 670 739 573 1237 488 
645 371 1074 244 468 241 954 782 
793 1069 496 874 1001 804 371 893 
688 235 869 1248 86 1169 804 105 
1108 643 77 439 1143 436 1208 554 
454 753 797 1234 779 538 48 1212 
879 499 06 541 622 453 1131 338 
939 678 149 627 779 553 47 469 
799 519 30 443 602 429 1073 312 
414 55 743 1172 57 1138 624 1058 
1002 633 11 467 567 424 1192 480 
227 1109 456 679 771