234 1131 1190 504 113 37 1017 479 
922 600 193 720 1049 946 597 21 
135 543 767 129 425 323 1242 599 
388 124 1042 421 752 755 330 890 
322 182 1050 461 710 731 304 922 
127 1177 735 47 441 389 04 1199 
304 656 185 696 977 938 645 29 
234 1107 590 1090 65 37 1049 455 
636 247 1032 271 1120 562 217 922 
1200 323 471 1046 753 679 336 364 
352 44 906 336 594 607 192 765 
404 213 1040 416 750 712 366 906 
272 64 930 238 574 583 134 739 
1160 875 417 984 31 29 912 210 
530 237 966 299 544 550 201 848 
1041 749 193 530 752