420 37 58 575 130 1248 926 345 
1121 770 325 800 1069 901 495 1123 
346 726 910 217 446 274 1130 438 
605 314 1192 515 775 702 212 722 
539 372 1200 555 733 678 186 754 
338 110 878 135 462 340 1142 1038 
503 826 317 776 997 893 543 1131 
420 13 708 1161 82 1248 958 321 
829 411 1157 347 1138 521 121 781 
155 500 608 1130 774 633 228 209 
566 231 1053 428 616 556 76 600 
621 404 1191 510 773 659 247 737 
486 251 1077 330 596 532 18 574 
115 1052 554 1068 52 1233 804 55 
723 401 1091 375 562 509 105 707 
1219 898 305 597 767