510 113 114 607 134 1224 877 275 
1219 853 387 836 1073 874 440 1045 
449 814 978 257 452 244 1070 355 
712 406 13 557 781 670 148 636 
646 464 21 597 739 646 122 668 
441 198 946 175 468 310 1082 955 
601 909 379 812 1001 866 488 1053 
510 89 764 1193 86 1224 909 251 
923 490 1216 380 1143 495 69 707 
256 586 674 1168 779 604 171 129 
672 322 1123 469 622 525 14 515 
729 497 13 553 779 627 183 650 
592 342 1147 371 602 501 1206 489 
216 1138 620 1106 57 1204 747 1225 
817 480 1150 408 567 483 53 633 
56 970 357 627 771