775 329 268 686 130 1137 716 53 
255 1091 559 925 1069 776 261 802 
752 1070 1166 356 446 135 874 94 
1025 672 212 662 775 555 1192 364 
959 730 220 702 733 531 1166 396 
744 454 1134 274 462 201 886 694 
887 1147 551 901 997 768 309 810 
775 305 918 22 82 1137 748 29 
1198 717 129 465 1138 403 1149 475 
551 833 854 13 774 500 1232 1126 
981 584 68 572 616 412 1061 247 
1043 765 213 659 773 510 1225 376 
901 604 92 474 596 388 1003 221 
511 135 800 1201 52 1100 558 972 
1092 707 63 493 562 391 1133 401 
310 1175 503 701 767