327 1210 00 541 123 19 973 413 
1022 686 260 762 1061 925 547 1198 
241 635 839 175 437 300 1188 519 
497 219 1118 469 766 730 272 807 
431 277 1126 509 724 706 246 839 
233 19 807 93 453 366 1200 1119 
404 742 252 738 989 917 595 1206 
327 1186 650 1127 75 19 1005 389 
733 330 1095 310 1131 543 170 853 
53 412 541 1089 765 658 283 288 
459 138 981 383 607 583 135 684 
513 309 1117 465 764 687 308 822 
379 158 1005 285 587 559 77 658 
13 964 487 1027 43 08 859 134 
627 320 1029 338 555 531 154 779 
1131 824 250 565 761