600 187 168 636 135 1198 826 203 
66 934 447 869 1075 845 383 966 
552 902 1043 293 453 211 1007 270 
818 497 82 595 783 635 82 547 
752 555 90 635 741 611 56 579 
544 286 1011 211 469 277 1019 870 
698 990 439 845 1003 837 431 974 
600 163 818 1222 87 1198 858 179 
1016 567 22 411 1144 467 14 631 
356 670 736 1203 780 573 110 46 
776 411 1191 506 624 490 1199 427 
835 588 82 592 781 592 116 560 
696 431 1215 408 604 466 1141 401 
316 1222 682 1141 58 1173 686 1142 
910 557 1206 439 568 455 1248 557 
142 1040 408 654 773