338 1186 1186 432 1219 1075 748 167 
884 494 07 445 687 510 110 756 
1190 256 373 870 1060 883 514 1115 
31 901 436 924 1134 1060 615 1195 
1061 788 255 761 882 830 395 1050 
732 392 1045 205 476 357 1217 1202 
801 1016 400 772 943 842 542 1210 
650 145 748 1127 07 1174 924 354 
891 467 1204 383 1160 528 113 761 
382 741 862 139 1025 862 426 374 
974 683 300 958 1153 1061 522 980 
1214 1073 692 80 368 211 957 93 
1247 1113 799 145 449 335 959 134 
1014 812 430 1039 59 1194 654 1020 
472 257 1051 416 632 540 41 521 
1035 808 301 656 847