301 853 491 574 933 388 968 112 
110 702 1103 1093 847 201 650 976 
979 1084 864 891 527 1050 205 428 
386 1123 373 389 1235 527 775 909 
660 327 820 871 347 851 1043 1192 
683 320 786 770 413 848 1063 507 
944 1127 328 311 1165 420 750 877 
852 288 699 726 362 963 150 317 
523 1015 99 79 406 620 1129 283 
921 889 538 547 933 356 872 624 
1114 366 686 756 410 1161 372 703 
926 269 530 527 252 962 266 591 
546 1111 162 108 1110 643 1113 269 
1199 445 699 697 458 14 581 930 
362 872 1104 1175 938 540 1139 332 
698 1240 234 115 1158