169 806 540 723 1176 709 99 537 
1111 538 1045 1152 1016 463 981 107 
588 770 661 822 593 1228 467 749 
1087 631 1235 150 1161 593 944 1152 
1209 906 235 442 108 782 1102 91 
1117 765 51 185 25 645 1005 556 
63 258 773 890 673 106 586 830 
1202 657 1133 25 1063 572 1151 185 
477 1064 252 337 756 1044 357 796 
969 1045 812 935 167 908 216 1242 
11 634 1084 24 1021 582 1074 167 
1170 641 1035 1152 966 479 1055 134 
873 316 747 807 642 223 712 1118 
342 959 83 185 23 876 212 563 
803 175 515 679 513 161 782 1231 
1174 566 905 870 728