1009 514 391 736 101 1033 547 1081 
504 39 691 976 1030 653 67 555 
1012 29 55 405 396 1243 657 1073 
38 884 351 707 714 396 958 77 
1217 936 352 739 665 365 926 104 
988 645 03 302 391 39 651 407 
1110 67 653 920 926 615 87 538 
976 454 1004 33 14 996 544 1025 
197 917 265 524 1114 298 975 247 
824 1058 1012 86 753 390 1047 885 
23 830 246 660 601 299 869 1248 
97 1023 403 758 765 401 1035 128 
1205 863 284 576 596 289 824 1233 
805 384 984 51 58 1016 397 752 
120 939 234 588 574 321 992 203 
569 139 659 790 783