494 75 53 520 23 1093 732 120 
1079 677 170 580 786 568 129 740 
174 483 584 1056 1209 987 572 1133 
299 1166 690 1156 79 1209 714 1249 
106 1082 541 1027 1114 1016 530 1138 
1045 704 100 491 730 568 130 69 
1123 87 712 1066 1208 1069 725 99 
975 467 1061 172 275 158 1119 510 
1025 583 45 441 1180 509 59 677 
496 833 923 161 1002 795 323 243 
1061 743 323 933 1073 933 359 796 
18 1094 668 1248 222 15 732 1105 
16 1092 725 06 243 81 681 1102 
997 752 314 858 1066 906 346 709 
423 164 905 211 373 241 972 198 
960 690 136 440 585