1158 630 467 763 78 963 436 937 
713 219 831 1065 1061 628 1244 444 
35 281 271 569 495 25 632 1003 
374 1208 647 952 890 495 989 54 
355 70 715 1056 910 529 1015 131 
162 1068 408 665 687 255 791 483 
305 508 1076 54 00 867 267 654 
176 899 178 421 350 19 753 1174 
309 991 293 499 1036 172 811 54 
897 1087 986 1248 605 192 815 631 
50 804 155 498 375 25 567 932 
73 939 247 524 465 57 670 1007 
1132 725 70 286 242 1145 414 821 
690 203 731 976 925 596 1211 315 
1220 727 1205 247 181 1143 547 1004 
392 1156 368 443 391