29 903 941 237 1084 1006 745 222 
505 134 929 164 468 364 39 753 
743 1071 1212 501 754 654 368 1046 
776 401 1203 478 748 754 396 1060 
511 238 969 258 436 461 114 855 
152 1062 478 919 1243 1196 889 957 
206 423 1070 222 443 407 182 927 
50 800 168 577 752 727 545 45 
618 225 1005 239 1084 523 177 883 
143 538 708 53 1019 941 579 582 
781 533 211 952 1246 00 785 40 
1078 991 687 178 585 533 94 509 
1177 1109 886 352 788 779 205 642 
1011 883 600 83 481 462 1217 339 
530 392 35 763 1091 1083 628 1118 
1145 994 577 1030 64