1225 680 494 767 57 918 371 858 
810 301 891 1098 1065 604 1197 379 
165 399 370 640 532 29 608 958 
537 114 787 1065 965 532 993 33 
546 258 891 1206 1023 600 1048 135 
373 28 608 841 827 354 851 510 
526 728 36 242 156 985 349 704 
402 1120 389 612 513 149 850 1241 
356 1018 297 476 986 99 720 1200 
925 1090 961 1192 520 85 691 497 
54 780 98 406 252 1130 410 769 
51 886 157 397 308 1130 484 818 
1086 646 1204 133 60 945 207 613 
623 104 596 808 730 384 992 95 
1137 613 1060 71 1232 929 324 779 
297 1033 217 266 193