159 800 540 729 1186 724 118 559 
1094 526 1038 1151 1022 474 997 126 
564 749 645 814 592 1234 478 764 
1054 600 1209 133 1152 592 950 1162 
1168 866 200 415 91 774 1101 97 
1070 719 09 150 1249 629 998 556 
14 209 727 850 642 85 574 824 
1152 608 1086 1234 1030 548 1134 175 
472 1063 258 348 773 1065 381 823 
968 1051 824 954 191 936 247 24 
16 646 1103 50 1053 617 1112 205 
1181 659 1061 1185 1004 520 1098 177 
889 339 778 844 685 269 759 1165 
362 986 116 225 68 924 261 612 
826 204 550 720 558 209 831 31 
1199 596 942 911 773