187 1049 1068 340 1157 1047 752 200 
697 317 1097 309 583 443 81 760 
969 41 171 690 912 774 447 1087 
1030 653 196 704 945 912 511 1133 
787 514 1238 511 662 650 259 958 
442 102 762 1188 236 155 1057 1084 
504 719 110 498 695 627 365 1073 
350 1098 458 853 1006 953 737 203 
758 350 1110 317 1129 532 151 827 
267 645 791 103 1030 909 509 484 
883 614 263 964 1208 1163 660 1140 
1152 1039 697 138 485 379 1156 305 
1218 1118 850 257 625 562 1209 390 
1018 854 522 1193 275 205 937 55 
506 330 1174 595 865 813 335 820 
1095 906 444 847 1083