110 771 534 748 1230 789 200 654 
1015 466 1002 1144 1044 522 1064 208 
450 652 571 772 585 07 526 829 
904 460 1090 47 1107 585 972 1206 
985 688 37 285 05 732 1094 116 
863 514 1066 1237 1130 555 962 550 
1043 1241 522 672 502 1238 514 795 
927 387 879 1051 880 434 1055 126 
444 1057 277 394 845 1157 488 941 
963 1071 874 1034 297 1062 385 170 
35 695 1185 164 1193 776 30 377 
1224 735 1172 80 1175 706 41 371 
955 438 912 1010 875 473 969 125 
446 1102 265 403 268 1138 481 833 
925 331 707 903 762 425 1054 256 
58 732 1103 1095 975