1170 803 852 163 1029 973 733 231 
373 08 812 62 386 305 05 741 
591 922 1070 371 643 568 309 1013 
605 231 1038 324 612 643 314 1005 
327 54 788 87 282 331 12 781 
1209 869 288 738 1078 1054 772 868 
07 225 877 38 273 258 56 827 
1099 601 1225 393 581 575 413 1186 
520 136 929 181 1047 511 188 913 
56 461 647 11 1004 954 617 641 
708 472 169 936 12 49 861 133 
1023 952 670 194 641 627 213 640 
1143 1095 900 405 887 918 364 808 
999 895 644 168 612 630 153 528 
539 427 102 869 1237 11 822 67 
1173 1047 660 1147 215