830 366 285 678 96 1080 639 1211 
263 1075 515 850 964 648 115 647 
706 992 1050 201 257 1173 652 1120 
921 527 19 421 497 257 892 72 
800 522 1207 386 379 161 800 46 
536 195 819 1157 59 1034 475 301 
641 850 203 506 569 328 1123 390 
501 1235 552 866 897 690 303 846 
56 811 206 519 1166 403 1124 430 
721 997 1007 145 877 570 19 1135 
1216 824 306 795 810 563 1169 317 
91 1078 535 974 1058 747 158 510 
02 977 479 859 954 695 01 414 
901 548 1228 376 452 204 855 1213 
256 1140 508 934 981 769 210 676 
735 366 951 1144 1190