197 821 539 706 1142 662 41 471 
1159 573 1063 1151 996 426 932 49 
660 831 704 844 592 1207 430 702 
1184 720 59 201 1184 592 924 1118 
79 1022 340 524 159 804 1101 74 
04 901 177 290 99 688 1023 555 
210 404 909 1006 762 167 621 845 
102 804 20 145 1160 644 1199 213 
492 1063 234 301 704 979 282 715 
968 1027 774 877 92 821 121 1142 
1244 597 1025 1193 923 473 960 50 
1136 586 957 1053 850 353 925 03 
825 246 654 694 514 86 572 977 
282 878 1231 65 1139 733 66 417 
734 87 408 555 377 16 633 1081 
1099 474 796 746 592