148 1013 1037 315 1140 1038 751 206 
650 272 1056 274 556 424 71 759 
913 1237 119 643 873 745 428 1078 
967 590 136 648 896 873 484 1116 
718 445 1171 448 606 603 224 933 
370 30 692 1121 176 103 1016 1053 
429 645 38 429 632 573 320 1037 
275 1023 386 784 943 897 690 164 
724 320 1084 299 1119 531 159 842 
237 619 772 92 1029 918 528 509 
858 595 251 962 1219 1187 693 1179 
1134 1028 696 150 512 419 1204 357 
1209 1117 861 282 667 617 21 454 
1017 863 543 1229 327 270 1007 126 
513 347 1203 638 922 881 408 894 
1109 929 478 894 1142