973 485 371 726 103 1046 569 1110 
455 1246 656 952 1019 655 80 577 
949 1220 03 365 370 1231 659 1086 
1212 810 283 649 671 370 947 79 
1129 850 270 667 607 325 902 94 
893 550 1162 220 323 1237 616 387 
1012 1219 558 834 852 556 44 509 
876 356 909 1195 1188 933 495 989 
169 897 255 526 1128 323 1009 288 
805 1048 1014 102 782 430 1096 939 
14 832 261 691 648 357 934 67 
98 1037 434 806 829 475 1115 209 
1217 889 327 638 673 375 915 74 
828 420 1038 121 142 1108 494 849 
151 983 293 662 660 416 1090 302 
606 188 722 865 869