16 709 509 765 38 884 325 802 
871 351 927 1115 1063 585 1163 333 
249 475 431 682 552 28 589 924 
644 216 877 1136 1011 552 991 14 
673 383 1007 54 1094 642 1065 133 
514 167 740 957 917 415 887 525 
674 875 175 367 258 1061 399 733 
552 18 530 739 620 233 911 32 
385 1033 295 457 949 48 657 1128 
939 1089 940 1151 460 10 606 406 
52 760 55 340 167 1031 303 659 
33 847 94 309 201 1011 359 692 
1052 590 1124 29 1187 811 68 474 
576 35 504 694 599 243 847 1199 
1079 535 961 1203 1098 785 176 630 
231 949 114 147 60