263 1118 1128 387 1190 1062 752 185 
791 406 1178 378 637 478 97 760 
1080 150 273 781 988 830 482 1102 
1156 777 317 815 1041 988 565 1166 
924 651 122 637 773 741 328 1005 
587 247 904 72 357 257 1138 1144 
653 868 255 635 819 736 454 1142 
500 1247 603 990 1132 1064 831 279 
825 410 1158 352 1146 531 134 795 
325 694 828 123 1029 887 469 430 
929 650 283 963 1183 1114 593 1061 
1184 1057 697 112 429 297 1058 200 
1234 1117 827 203 539 450 1085 263 
1018 835 478 1118 168 75 796 1163 
491 295 1114 507 750 677 188 671 
1067 858 374 753 966