174 809 540 721 1170 701 90 526 
1119 544 1048 1152 1013 457 973 98 
600 781 668 826 593 1225 461 741 
1103 646 1247 159 1165 593 941 1146 
1229 925 253 456 117 786 1102 89 
1139 788 72 203 37 652 1008 556 
88 282 796 909 688 117 592 833 
1227 682 1155 45 1079 584 1159 190 
480 1064 250 331 748 1033 344 783 
969 1042 806 926 154 893 200 1225 
09 628 1074 10 1005 564 1055 147 
1165 632 1022 1136 947 458 1034 112 
865 304 732 788 621 200 689 1095 
332 946 66 165 01 852 188 539 
792 160 497 658 490 137 757 1206 
1162 551 887 849 705