1181 647 477 765 72 948 415 911 
746 247 852 1076 1063 621 1229 423 
79 321 305 594 509 28 625 988 
429 11 694 991 916 509 991 48 
419 133 774 1107 949 554 1026 133 
233 1138 475 724 734 289 812 493 
379 582 1146 117 53 907 295 671 
251 973 249 485 405 63 786 1197 
325 1001 295 492 1020 148 781 20 
907 1089 979 1230 577 157 774 586 
52 797 137 468 334 1227 515 878 
67 922 218 482 413 1249 608 944 
1118 700 32 235 181 1078 345 752 
668 170 686 921 860 525 1138 242 
1193 689 1158 188 115 1072 473 929 
360 1115 318 385 325