1000 507 386 734 102 1037 553 1089 
491 28 682 970 1028 654 70 561 
996 14 42 395 390 1240 658 1077 
19 866 334 692 704 390 956 78 
1195 914 332 721 650 355 920 102 
964 621 1230 282 374 26 642 402 
1086 43 629 898 908 600 76 531 
951 430 980 11 1245 980 531 1016 
190 912 263 525 1118 305 984 257 
820 1056 1013 90 760 400 1060 899 
21 831 250 668 613 313 886 15 
97 1027 411 770 781 420 1055 148 
1208 869 295 592 615 310 847 06 
811 393 998 69 79 1039 421 777 
128 950 249 607 596 345 1016 227 
578 151 675 809 805