810 349 272 670 94 1083 648 1223 
236 1051 495 835 955 645 119 656 
673 960 1022 177 240 1164 649 1123 
882 489 1233 390 472 240 883 70 
755 478 1165 348 348 137 785 38 
489 147 773 1115 23 1006 455 288 
591 801 155 462 531 296 1099 373 
451 1185 505 821 858 657 276 826 
39 799 198 516 1169 413 1139 448 
708 989 1004 149 888 587 41 1160 
1208 822 310 807 830 590 1200 349 
89 1082 546 994 1088 782 196 549 
06 987 498 887 990 737 46 458 
910 563 02 410 493 250 903 11 
269 1160 535 970 1023 816 259 726 
752 389 980 1180 1232