1052 548 415 746 98 1016 518 1043 
564 91 733 1003 1042 649 49 526 
1089 101 117 454 427 05 653 1056 
133 976 435 778 766 427 970 74 
75 1044 454 829 736 414 953 114 
1106 763 116 404 475 101 693 431 
1234 190 771 1028 1018 687 139 572 
1101 578 1122 141 109 1073 604 1068 
230 940 276 520 1095 266 932 195 
847 1069 1008 65 715 337 985 816 
34 826 224 618 541 225 787 1162 
93 1003 363 695 684 307 935 26 
1187 827 227 498 499 180 711 1119 
776 336 916 1213 1203 899 276 631 
81 882 158 494 465 202 868 78 
521 76 580 695 675