820 358 278 674 95 1082 643 1217 
249 1063 505 843 960 646 117 651 
689 976 1036 189 249 1169 650 1122 
902 508 01 405 485 249 888 71 
777 500 1186 367 363 149 793 42 
512 171 796 1136 41 1020 465 294 
616 826 179 484 550 312 1111 382 
476 1210 528 843 878 673 289 836 
47 805 202 517 1168 408 1132 439 
715 993 1005 147 882 578 30 1147 
1212 823 308 801 820 577 1185 333 
90 1080 541 984 1073 765 177 529 
04 982 489 873 972 716 24 436 
905 555 1240 393 473 227 879 1237 
262 1150 521 952 1002 793 235 701 
744 377 966 1162 1211