267 849 519 635 1025 505 1103 261 
38 660 1097 1127 916 300 770 1111 
860 993 812 884 565 1123 304 545 
212 971 259 327 1228 565 844 1001 
432 111 637 744 285 844 1077 03 
414 55 548 587 299 796 1057 535 
651 839 63 95 1013 329 708 873 
552 1245 430 498 188 844 78 283 
519 1043 162 176 533 770 46 460 
948 953 641 687 1104 548 1076 835 
1174 467 830 937 620 140 611 945 
1018 404 707 742 495 1221 532 858 
665 21 365 346 124 922 148 553 
88 624 916 947 732 303 875 1225 
516 1062 79 179 1215 831 187 632 
863 188 462 370 183