02 879 919 219 1071 999 742 225 
472 103 900 139 448 350 31 750 
705 1034 1177 469 726 633 354 1039 
734 358 1162 439 714 726 376 1047 
465 192 924 215 397 429 89 837 
104 1014 431 874 1202 1161 860 935 
156 373 1022 176 400 370 151 903 
1249 750 120 531 710 689 512 18 
594 203 986 225 1075 521 180 891 
122 519 693 43 1016 945 589 597 
763 518 201 949 01 13 804 64 
1065 982 683 183 600 557 124 542 
1169 1106 890 366 813 814 245 684 
1008 886 612 105 514 504 14 387 
532 401 52 790 1128 1128 676 1168 
1153 1008 598 1060 102