247 842 529 662 1066 559 1168 333 
1248 634 1089 1138 946 345 826 1176 
796 942 780 875 578 1154 349 599 
122 890 196 290 1218 578 874 1042 
316 00 541 675 248 835 1088 30 
278 1171 426 491 236 764 1049 545 
504 694 1179 1234 932 278 682 866 
402 1098 294 382 98 780 38 263 
512 1052 189 221 593 842 127 547 
958 981 688 753 1185 641 1176 939 
1200 513 898 1025 723 253 728 1064 
1060 467 793 848 614 99 664 990 
720 99 463 463 255 1060 289 695 
155 710 1022 1070 868 446 1022 122 
591 1155 190 305 103 976 336 782 
943 284 575 496 320