98 764 532 751 1239 803 218 674 
997 452 994 1142 1048 531 1078 226 
424 629 554 761 582 11 535 843 
870 429 1063 27 1095 582 976 1215 
943 647 01 255 1235 721 1092 119 
816 468 1023 1201 1103 538 954 548 
994 1192 476 631 471 1215 500 788 
877 338 832 1009 846 408 1037 114 
437 1055 281 404 860 1177 512 966 
961 1074 884 1050 320 1089 415 202 
39 705 1202 189 1224 811 67 415 
1233 751 1196 111 1212 747 84 414 
969 459 941 1047 917 519 1016 172 
465 1127 298 443 313 1185 530 882 
946 359 742 943 807 473 1104 305 
82 761 1138 1135 1020