1134 612 456 760 84 976 456 963 
679 191 810 1052 1058 634 08 464 
1241 240 237 544 481 22 638 1016 
319 1155 599 913 863 481 986 60 
291 07 655 1004 871 504 1002 128 
92 997 341 605 639 221 770 472 
231 435 1005 1241 1197 826 239 636 
101 825 108 357 295 1225 719 1150 
292 980 290 505 1051 195 840 87 
887 1084 993 15 632 227 855 674 
48 811 172 527 414 72 619 986 
79 955 275 564 517 115 732 1070 
1146 750 108 336 302 1211 482 890 
711 235 774 1031 989 666 34 388 
1246 763 03 304 247 1215 621 1079 
422 1196 417 502 457