10 704 507 765 42 890 333 812 
861 343 921 1113 1064 588 1169 341 
236 462 421 675 549 28 592 930 
626 199 862 1124 1003 549 992 18 
652 362 988 38 1082 635 1063 133 
490 144 718 938 902 405 881 523 
650 851 152 346 241 1048 391 728 
527 1244 506 718 602 220 901 26 
380 1031 295 460 956 57 667 1140 
937 1089 944 1158 470 22 621 421 
53 763 63 352 181 1048 321 677 
36 854 105 324 219 1031 380 713 
1058 600 1137 46 1208 834 91 498 
584 46 520 713 621 266 871 1224 
1089 548 978 1223 1121 809 201 655 
242 963 132 167 82