291 853 501 596 965 428 1014 162 
87 689 1102 1106 871 235 691 1022 
941 1055 848 891 542 1076 239 468 
329 1073 337 370 1235 542 799 941 
584 256 761 831 328 851 1056 1214 
594 232 707 711 377 832 1062 517 
846 1031 240 240 1115 391 737 877 
752 190 610 650 305 925 127 307 
523 1025 122 113 449 671 1186 343 
931 912 573 595 991 421 940 695 
1135 401 735 817 481 1238 452 784 
958 315 590 599 333 1049 355 680 
586 1165 230 188 1198 736 1208 364 
1246 505 772 780 549 111 679 1029 
414 936 1180 10 1031 637 1238 432 
754 57 311 200 00