254 845 526 653 1053 541 1147 309 
11 643 1092 1135 936 330 808 1155 
818 959 791 879 574 1144 334 581 
152 917 217 303 1222 574 864 1029 
355 37 573 698 261 839 1085 21 
323 1216 467 523 257 775 1052 542 
553 742 1224 21 959 295 691 869 
452 1147 339 421 128 802 51 270 
515 1049 181 206 573 818 100 518 
955 972 673 731 1158 610 1142 904 
1192 498 875 996 689 215 689 1024 
1047 446 765 813 575 57 620 946 
702 73 430 424 211 1014 242 648 
133 682 987 1029 822 398 973 73 
566 1125 153 263 57 928 286 732 
917 252 537 454 274