286 853 506 606 980 448 1037 187 
75 683 1102 1112 883 252 711 1045 
921 1040 840 890 548 1088 256 488 
300 1048 318 360 1234 548 811 956 
547 220 730 810 318 850 1062 1224 
549 188 668 680 358 824 1062 522 
798 983 196 204 1090 376 731 877 
702 142 565 613 276 905 115 302 
522 1030 132 129 470 696 1214 372 
936 922 591 618 1019 453 974 730 
1145 418 759 848 516 26 492 824 
974 338 620 635 374 1092 399 725 
606 1192 264 228 1242 783 06 411 
20 535 808 822 595 159 728 1078 
440 968 1217 52 1077 686 38 482 
782 90 349 243 46