695 252 196 621 75 1095 687 36 
87 915 379 747 900 625 131 695 
487 784 862 44 142 1106 629 1135 
664 275 1031 212 331 142 828 51 
510 235 930 135 170 04 697 1239 
226 1135 519 880 1071 846 339 212 
319 530 1143 219 317 120 963 276 
176 913 242 576 640 471 127 711 
1195 724 148 496 1182 458 1211 542 
635 938 983 164 941 675 156 43 
1160 801 325 866 932 728 112 524 
70 1096 603 1101 1242 972 404 764 
18 1037 594 1036 1187 966 289 704 
951 643 128 587 715 501 1167 276 
334 13 682 1162 04 1073 530 1000 
837 509 1140 128 213