154 798 539 731 1191 732 127 570 
1085 520 1034 1151 1025 480 1005 135 
551 739 637 809 592 1237 484 772 
1038 585 1196 124 1148 592 953 1167 
1148 847 182 401 82 769 1101 99 
1047 697 1237 132 1236 621 994 555 
1240 185 705 831 627 75 568 822 
1127 584 1063 1214 1014 535 1125 170 
469 1063 260 353 781 1075 393 836 
968 1053 830 963 203 950 262 41 
19 652 1113 63 1068 635 1131 224 
1186 668 1074 1201 1023 541 1120 199 
896 350 793 863 706 292 783 1188 
371 999 133 245 90 948 286 637 
837 218 568 740 581 233 856 56 
1211 612 960 931 795