193 819 540 709 1148 670 51 482 
1151 568 1060 1151 1000 433 940 59 
648 821 697 840 592 1211 437 710 
1168 705 47 193 1181 592 928 1124 
59 1003 322 510 151 800 1101 77 
1231 879 156 272 87 681 1020 556 
186 379 887 987 747 157 616 843 
77 780 1247 125 1144 632 1191 209 
490 1063 238 307 713 990 295 728 
968 1030 781 887 105 835 136 1159 
1247 603 1035 1207 940 492 979 70 
1142 595 970 1069 870 374 947 25 
833 258 670 713 535 109 595 1001 
292 892 1248 85 1161 757 90 441 
746 101 426 576 399 40 658 1106 
1112 489 815 767 615