280 852 511 616 995 467 1059 212 
63 675 1100 1117 894 268 731 1067 
901 1025 831 888 554 1100 272 507 
271 1023 299 350 1233 554 822 971 
509 184 700 789 308 848 1067 1234 
504 144 628 650 339 815 1060 527 
749 935 152 168 1065 361 723 876 
652 93 520 575 247 885 103 296 
521 1035 142 145 491 721 1241 402 
941 933 608 641 1048 485 1008 765 
1155 435 783 878 551 64 532 864 
989 360 649 671 414 1135 443 769 
626 1219 298 267 36 829 53 458 
43 565 844 864 640 207 777 1127 
465 1000 05 95 1123 734 87 532 
809 122 387 285 91