1077 568 428 751 94 1005 500 1020 
599 122 757 1019 1048 646 38 508 
1135 143 154 482 444 11 650 1045 
189 1030 485 819 796 444 976 70 
140 1108 515 882 777 442 969 119 
1177 833 183 465 525 138 717 444 
58 263 841 1092 1072 729 170 592 
1176 652 1193 206 165 1119 639 1093 
250 953 281 517 1083 245 905 164 
860 1074 1005 51 691 305 947 774 
39 822 209 592 504 179 737 1109 
90 989 337 657 634 250 874 1214 
1176 805 192 450 440 115 642 1051 
757 306 874 1159 1139 829 203 558 
56 847 112 438 400 131 794 03 
492 37 531 637 610