1142 777 829 144 1015 964 730 232 
340 1226 783 36 364 289 1245 738 
552 884 1034 338 614 545 293 1004 
563 188 996 285 577 614 292 991 
280 08 743 44 243 298 1236 762 
1160 820 241 693 1036 1018 743 845 
1208 175 828 1242 230 220 24 801 
1049 552 1176 346 539 536 380 1158 
495 114 910 166 1037 506 189 920 
33 441 630 00 999 956 626 655 
689 456 157 930 14 60 879 156 
1009 941 665 197 654 649 242 672 
1134 1090 902 417 911 952 404 849 
995 897 654 188 644 671 199 575 
541 435 117 895 23 55 871 116 
1179 1059 680 1176 252