1166 636 470 764 76 958 429 929 
724 229 838 1069 1062 626 1239 437 
50 294 283 578 500 26 630 998 
393 1226 663 965 898 500 990 52 
376 91 735 1073 923 538 1019 132 
186 1091 430 685 703 267 798 486 
329 533 1099 75 18 880 277 660 
201 923 202 442 369 34 764 1182 
314 994 294 497 1031 164 801 42 
901 1087 984 1242 596 181 802 616 
51 802 149 488 361 09 550 914 
71 934 237 510 448 38 650 986 
1127 717 58 269 222 1123 391 798 
683 192 716 958 903 572 1187 290 
1211 714 1190 227 159 1119 522 979 
381 1142 351 424 369