127 782 537 742 1216 768 173 623 
1042 487 1015 1148 1037 507 1042 181 
489 685 597 787 588 00 511 808 
954 508 1131 77 1123 588 965 1192 
1046 748 92 329 35 747 1098 110 
932 582 1131 42 1171 581 975 553 
1117 64 590 732 550 21 535 806 
1002 461 948 1112 930 473 1082 143 
454 1060 272 380 821 1127 453 902 
965 1065 858 1008 262 1020 339 122 
30 679 1158 127 1147 724 1224 320 
1211 710 1136 32 1118 645 1227 307 
933 406 868 955 812 405 900 55 
419 1064 216 344 202 1067 408 759 
892 289 655 842 694 353 980 181 
22 687 1049 1034 908