1142 618 459 761 82 972 449 954 
690 200 817 1056 1059 632 03 457 
06 254 248 553 486 23 636 1012 
338 1173 615 926 872 486 987 58 
312 28 675 1022 884 513 1006 129 
115 1021 363 625 655 232 777 475 
255 459 1029 12 1215 840 248 642 
126 849 131 378 314 1240 730 1158 
298 984 291 503 1046 187 830 76 
891 1085 990 09 623 216 842 660 
49 809 167 517 401 56 602 968 
77 950 266 551 499 96 711 1049 
1141 742 95 319 282 1189 459 867 
704 224 760 1013 968 642 10 363 
1238 751 1237 285 225 1191 596 1054 
412 1183 401 482 435