927 447 344 712 103 1059 594 1146 
392 1190 611 920 1003 655 94 602 
869 1145 1187 312 335 1214 659 1099 
1116 717 196 575 615 335 931 79 
1020 741 166 574 533 272 870 80 
774 432 1048 116 236 1171 571 360 
888 1096 440 725 759 481 1238 471 
751 232 790 1086 1092 853 432 943 
133 870 241 525 1142 352 1049 337 
779 1033 1014 118 816 479 1156 1006 
00 832 279 729 704 427 1014 151 
98 1053 470 864 907 567 1213 310 
1231 921 380 714 768 482 1027 188 
854 465 1103 208 246 1224 614 971 
188 1037 366 754 768 534 1214 427 
650 249 799 959 977