227 835 535 682 1099 603 1220 391 
1212 610 1080 1145 969 380 872 1228 
741 897 750 864 586 1178 384 643 
45 820 141 255 1206 586 897 1075 
218 1156 458 614 213 824 1095 50 
164 1059 323 408 181 734 1040 551 
382 573 1067 1140 862 233 658 859 
277 976 180 284 21 725 02 243 
505 1058 209 255 640 900 192 617 
963 1001 726 806 02 717 08 1024 
1220 550 952 1096 808 345 825 1163 
1093 518 862 934 713 205 773 1100 
765 161 544 560 363 1175 407 813 
209 781 1110 1173 981 566 1144 245 
651 1232 281 410 217 1097 460 907 
1009 364 668 600 433