517 96 70 533 30 1095 728 112 
1109 704 195 600 800 576 131 736 
209 517 616 1083 1231 1001 580 1135 
340 1206 728 1191 108 1231 728 06 
151 1127 584 1067 1149 1043 550 1151 
1093 752 147 534 768 600 155 86 
1173 136 760 1111 1248 1103 752 120 
1025 517 1109 217 316 193 1149 533 
1045 599 57 448 1182 504 49 663 
512 846 931 163 997 783 305 222 
1073 751 325 927 1059 911 333 767 
25 1096 662 1233 198 1233 696 1068 
17 1088 712 1233 210 41 638 1058 
993 741 295 829 1027 861 299 661 
414 148 881 179 333 195 923 148 
947 671 109 406 544