1246 695 502 766 48 901 349 830 
841 326 909 1107 1065 595 1180 357 
208 437 401 661 543 29 599 941 
591 165 832 1101 988 543 993 24 
610 321 949 05 1059 621 1057 134 
444 98 674 899 872 385 869 518 
600 802 106 305 207 1023 374 719 
477 1194 460 676 567 192 881 12 
371 1026 296 467 968 74 689 1164 
932 1090 951 1172 491 48 649 451 
53 770 77 374 210 1081 357 714 
43 867 126 354 254 1071 422 755 
1070 619 1164 81 1249 878 137 544 
600 70 551 751 665 313 920 22 
1108 575 1011 12 1165 857 250 705 
264 991 166 207 126