1035 535 406 742 99 1023 530 1059 
540 71 716 993 1037 651 57 538 
1058 72 92 435 415 00 655 1063 
95 939 402 750 746 415 965 75 
32 1001 413 793 708 395 943 110 
1059 715 71 363 442 76 676 422 
1185 141 723 985 981 658 119 559 
1051 529 1075 98 71 1042 580 1051 
217 931 272 522 1103 279 949 216 
838 1065 1010 74 730 359 1010 844 
30 828 233 635 565 254 820 1196 
95 1011 379 721 717 345 975 67 
1194 842 250 529 538 224 756 1165 
788 355 943 1248 1245 946 324 680 
97 905 188 532 509 250 917 128 
541 101 612 733 718