1203 664 486 766 65 933 393 885 
778 274 872 1087 1065 613 1213 401 
122 360 338 617 521 29 617 973 
483 63 741 1028 941 521 993 41 
483 196 833 1157 986 577 1037 134 
303 1208 541 783 781 322 832 502 
452 655 1216 180 105 946 322 688 
327 1046 319 549 459 106 818 1219 
341 1010 296 485 1003 124 751 1235 
916 1090 970 1212 549 121 733 542 
53 789 118 437 293 1179 463 824 
59 905 188 440 361 1190 546 882 
1102 673 1244 185 121 1012 276 683 
646 137 642 865 795 455 1065 169 
1165 652 1109 130 48 1000 398 854 
329 1074 267 326 259