55 928 963 255 1097 1014 747 219 
537 165 957 189 488 378 47 755 
781 1108 1247 533 781 675 382 1054 
819 443 1243 516 781 781 416 1073 
557 284 1014 300 474 493 139 873 
201 1111 526 964 33 1231 917 979 
256 472 1119 268 485 444 213 952 
100 850 217 623 795 765 577 71 
642 246 1023 253 1092 526 174 874 
164 557 723 62 1022 936 568 566 
799 547 221 955 1241 1237 765 16 
1091 1000 689 173 570 508 63 475 
1185 1111 881 337 762 744 164 601 
1013 879 588 61 447 420 1171 292 
527 383 17 736 1054 1038 579 1068 
1138 980 556 1001 26