779 324 252 658 90 1088 659 1241 
196 1014 464 812 941 641 123 667 
623 913 979 142 215 1149 645 1128 
823 431 1178 342 434 215 869 66 
689 412 1101 291 300 102 762 26 
417 76 704 1051 1218 963 424 268 
517 727 84 396 473 249 1062 348 
376 1111 433 755 799 607 236 795 
14 779 185 512 1174 426 1159 474 
689 976 999 154 904 612 73 1197 
1196 817 315 825 859 629 1245 398 
85 1087 563 1025 1131 835 253 608 
10 1002 525 929 1045 800 113 526 
922 586 37 459 554 319 975 83 
287 1189 576 1023 1087 886 333 801 
776 422 1024 1235 46