288 853 504 601 972 438 1025 175 
81 686 1102 1109 877 244 701 1033 
931 1047 844 890 545 1082 248 478 
315 1061 328 365 1235 545 805 948 
566 238 746 821 323 850 1059 1219 
571 210 687 696 368 828 1062 520 
822 1007 218 222 1103 383 734 877 
727 166 587 632 291 915 121 304 
522 1028 127 121 460 683 1200 358 
934 917 582 606 1005 437 957 713 
1140 409 747 833 498 07 472 804 
966 326 605 617 354 1070 377 702 
596 1179 247 208 1220 760 1232 387 
08 520 790 801 572 135 703 1053 
427 952 1199 31 1054 661 13 457 
768 73 330 222 23