840 375 291 682 97 1078 635 1205 
276 1086 525 858 969 649 114 643 
722 1007 1064 212 265 1178 653 1118 
941 546 37 437 509 265 897 73 
822 544 1228 405 395 172 808 50 
560 218 842 1178 77 1048 485 307 
666 875 226 528 588 343 1134 399 
526 10 576 888 917 706 316 856 
64 817 209 520 1164 398 1117 421 
727 1001 1008 143 871 561 08 1122 
1220 826 304 789 799 550 1154 300 
93 1076 529 963 1044 729 139 490 
01 972 470 845 935 674 1229 391 
897 540 1216 360 432 181 831 1188 
249 1130 494 916 960 746 185 651 
727 355 936 1125 1169