859 391 303 689 99 1075 627 1192 
302 1110 544 872 977 651 110 635 
755 1038 1092 235 281 1187 655 1115 
980 584 72 468 533 281 905 75 
866 588 20 443 426 195 822 57 
608 266 888 1220 112 1076 504 319 
715 924 274 572 626 374 1158 415 
576 59 624 932 956 739 342 875 
79 830 217 522 1160 389 1103 403 
739 1009 1010 138 860 543 1236 1097 
1227 828 299 776 779 523 1123 268 
94 1072 516 942 1014 694 100 450 
1247 961 451 816 899 631 1184 346 
888 524 1191 327 391 135 783 1140 
236 1110 466 881 917 699 136 601 
711 332 906 1089 1126