399 1241 1232 468 1242 1084 744 151 
960 565 71 499 727 534 119 752 
30 344 456 943 1119 924 538 1124 
135 1004 534 1014 1211 1119 655 1218 
1175 901 365 864 972 903 449 1086 
852 512 1163 315 574 440 31 1248 
925 1139 520 885 1046 930 613 15 
775 269 868 1241 111 14 1000 415 
944 513 1241 407 1170 522 94 730 
427 778 887 149 1018 838 388 325 
1009 708 311 951 1124 1013 461 911 
1236 1083 685 51 314 137 872 02 
06 1107 773 94 371 239 853 26 
1009 791 387 971 1217 1084 536 900 
455 222 996 339 533 425 1169 397 
1008 764 239 574 747