1044 542 410 744 99 1020 524 1051 
552 81 724 998 1040 650 53 532 
1074 87 105 444 421 03 654 1060 
114 958 419 764 756 421 968 75 
54 1022 434 811 722 404 948 112 
1082 739 93 384 459 89 684 426 
1209 165 747 1006 1000 673 129 566 
1076 553 1098 120 90 1058 592 1060 
224 935 274 521 1099 272 941 206 
843 1067 1009 69 723 348 998 830 
32 827 228 626 553 240 804 1179 
94 1007 371 708 700 326 955 46 
1191 834 238 514 518 202 733 1142 
782 345 930 1230 1224 923 300 655 
89 893 173 513 487 226 893 103 
531 89 596 714 696