758 306 238 649 87 1090 667 03 
169 990 443 796 932 637 126 675 
589 881 950 118 197 1139 641 1130 
783 392 1142 310 409 197 860 63 
644 368 1059 252 268 78 746 17 
369 28 658 1009 1182 934 403 254 
468 678 36 352 434 217 1038 330 
326 1062 385 710 759 573 209 774 
1247 766 176 508 1177 434 1173 492 
676 967 996 157 914 628 94 1221 
1188 814 319 836 878 654 24 430 
82 1090 574 1045 1159 869 291 647 
12 1011 543 956 1081 842 157 571 
929 601 61 491 594 364 1023 132 
300 1208 603 1058 1129 933 383 850 
791 445 1054 21 88