95 965 995 281 1116 1025 749 214 
586 211 1000 226 518 398 58 757 
838 1164 50 581 821 705 402 1065 
882 506 55 573 831 821 446 1092 
626 353 1081 364 531 541 176 899 
273 1183 597 1031 95 34 960 1011 
330 546 1191 337 548 500 259 989 
175 924 289 692 858 822 626 111 
677 278 1050 273 1104 528 168 861 
196 584 745 75 1026 929 551 542 
825 568 234 959 1232 1216 735 1229 
1110 1012 693 164 546 470 17 425 
1195 1114 873 315 722 690 103 538 
1015 873 569 26 396 356 1101 221 
521 368 1240 694 998 971 506 994 
1126 959 523 955 1219