15 891 930 228 1078 1003 744 223 
488 119 915 151 458 357 35 752 
724 1053 1195 485 740 643 361 1043 
755 380 1182 459 731 740 386 1054 
488 215 946 237 417 445 101 846 
128 1038 455 896 1222 1179 875 946 
181 398 1046 199 422 389 167 915 
25 775 144 554 731 708 528 31 
606 214 996 232 1080 522 179 887 
132 529 701 48 1018 943 584 590 
772 526 206 951 1249 07 795 52 
1071 986 685 181 593 545 109 525 
1173 1107 888 359 801 797 225 663 
1009 885 606 94 498 483 1241 363 
531 397 43 777 1110 1105 652 1143 
1149 1001 588 1045 83