652 214 166 601 66 1097 699 56 
31 863 334 712 877 615 133 707 
419 718 802 1243 104 1082 619 1137 
583 196 956 145 277 104 805 42 
421 146 844 57 103 1203 662 1219 
130 1039 426 794 996 786 294 182 
220 432 1047 130 238 54 911 238 
76 814 146 487 559 403 71 668 
1159 694 127 486 1184 471 1235 574 
606 917 972 166 958 704 195 89 
1140 791 328 884 967 776 169 586 
61 1098 621 1137 46 1039 478 841 
20 1052 626 1088 07 1049 377 793 
963 670 172 649 794 591 13 373 
356 49 734 1230 87 1167 629 1099 
866 551 1196 199 297