80 753 528 756 01 823 244 705 
969 430 980 1137 1053 545 1099 252 
385 595 527 744 577 17 549 863 
818 380 1021 1246 1078 577 981 1227 
881 587 1195 210 1204 704 1087 124 
747 398 958 1145 1061 511 940 544 
920 1119 406 571 422 1181 478 777 
802 264 763 947 794 369 1009 96 
426 1051 285 417 881 1206 546 1005 
957 1079 898 1075 353 1129 460 250 
43 719 1227 225 20 862 122 472 
1246 774 1231 158 18 809 148 479 
989 491 984 1101 980 586 1086 242 
491 1164 346 501 379 06 603 955 
978 401 793 1004 874 545 1178 380 
117 805 1191 1196 1087