769 315 245 653 88 1089 663 1247 
183 1002 453 804 936 639 124 671 
606 897 964 130 206 1144 643 1129 
803 411 1160 326 422 206 864 64 
666 390 1080 271 284 90 754 21 
393 52 681 1030 1200 948 413 261 
492 703 60 374 453 233 1050 339 
351 1086 409 732 779 590 223 785 
06 772 181 510 1175 430 1166 483 
683 972 998 156 909 620 84 1209 
1192 816 317 830 868 641 10 414 
84 1089 569 1035 1145 852 272 628 
11 1006 534 943 1063 821 135 548 
926 593 49 475 574 341 999 107 
294 1198 590 1040 1108 910 358 825 
784 433 1039 03 67