42 916 952 246 1091 1010 746 221 
521 150 943 176 478 371 43 754 
762 1090 1230 517 767 664 375 1050 
797 422 1223 497 764 767 406 1067 
534 261 991 279 455 477 126 864 
177 1086 502 941 13 1214 903 968 
231 447 1094 245 464 426 198 940 
75 825 193 600 773 746 561 58 
630 236 1014 246 1088 525 175 878 
154 547 716 57 1021 939 573 574 
790 540 216 954 1244 1244 775 28 
1085 995 688 176 577 520 79 492 
1181 1110 883 345 775 761 184 622 
1012 881 594 72 464 441 1194 316 
528 388 26 750 1073 1061 603 1093 
1141 987 566 1015 45