1069 562 424 750 96 1009 506 1028 
587 112 749 1014 1046 647 42 514 
1120 129 142 473 439 09 651 1049 
170 1012 469 805 786 439 974 72 
119 1086 495 865 763 433 964 118 
1153 810 161 445 509 126 709 440 
33 239 818 1070 1054 715 160 586 
1151 627 1169 185 146 1104 627 1085 
243 949 279 518 1087 252 914 174 
856 1073 1006 56 699 316 960 788 
37 824 214 600 516 195 754 1127 
91 994 346 670 651 269 894 1235 
1179 812 204 466 460 136 665 1074 
763 316 888 1177 1160 853 228 582 
64 859 127 457 422 155 819 28 
502 50 548 656 631