135 1001 1027 307 1134 1035 751 208 
634 257 1042 262 546 418 68 759 
894 1219 102 628 860 735 422 1075 
946 569 116 629 880 860 474 1110 
695 422 1148 427 587 588 212 925 
346 06 668 1098 156 86 1002 1043 
404 620 14 406 611 555 305 1025 
250 998 362 761 922 878 674 151 
712 309 1076 293 1115 530 161 847 
227 610 765 88 1028 921 534 518 
850 588 247 962 1223 1194 703 1191 
1128 1024 696 154 520 432 1220 374 
1206 1116 864 291 681 635 42 475 
1017 865 550 1241 345 291 1031 150 
515 352 1212 652 941 903 432 919 
1113 937 490 909 1161