1110 594 444 757 89 989 475 987 
645 162 787 1038 1054 640 21 483 
1196 199 202 518 466 18 644 1029 
264 1102 551 873 835 466 982 65 
226 1193 595 952 831 478 988 125 
21 927 273 545 591 186 747 460 
157 361 935 1177 1144 785 210 618 
26 751 37 292 240 1180 685 1126 
274 969 287 511 1065 217 868 120 
876 1080 998 31 658 261 895 717 
44 816 189 555 453 118 670 1039 
84 970 302 605 567 173 793 1132 
1159 774 144 385 361 27 551 959 
731 266 817 1086 1054 736 107 461 
22 800 50 362 313 36 695 1153 
453 1235 466 560 522