529 106 78 539 34 1095 726 108 
1123 718 207 610 807 580 131 734 
227 534 632 1097 1241 1009 584 1135 
360 1227 748 1208 123 1241 735 10 
174 1149 606 1087 1166 1057 560 1157 
1117 776 170 556 788 616 167 94 
1198 161 784 1133 19 1120 766 130 
1050 542 1133 240 336 211 1163 545 
1055 608 63 452 1183 502 44 656 
520 852 935 164 994 777 297 211 
1079 755 326 924 1052 901 319 752 
29 1097 659 1226 186 1218 678 1049 
18 1085 706 1222 194 21 617 1036 
991 735 285 815 1008 839 275 637 
410 140 869 163 312 172 899 123 
941 662 96 389 523