1061 555 419 748 97 1013 512 1035 
575 102 741 1009 1044 648 46 520 
1105 115 130 463 433 07 652 1053 
152 994 452 792 776 433 972 73 
97 1065 474 847 750 423 959 116 
1129 786 138 424 492 114 701 435 
09 214 794 1049 1036 701 150 579 
1126 603 1145 163 128 1089 615 1077 
237 944 277 519 1091 259 923 185 
852 1071 1007 60 707 327 972 802 
35 825 219 609 529 210 771 1144 
92 998 355 683 668 288 915 05 
1183 820 215 482 479 158 688 1096 
770 326 902 1195 1181 876 252 607 
73 870 143 476 444 179 843 53 
512 63 564 675 653