1183 815 863 172 1036 978 735 230 
390 24 827 75 396 313 09 743 
610 941 1088 388 657 579 317 1018 
627 252 1058 343 629 657 324 1012 
350 77 811 108 301 348 25 790 
1233 893 312 761 1098 1072 787 879 
32 249 901 61 294 277 72 839 
1124 626 1249 416 603 594 430 1199 
533 148 939 189 1052 512 187 910 
67 471 655 17 1006 952 613 634 
717 480 174 938 10 43 851 122 
1030 957 673 193 635 615 198 624 
1148 1097 898 399 875 901 344 787 
1001 893 639 158 596 609 130 504 
538 423 93 856 1219 1239 798 42 
1170 1040 650 1133 196