470 55 36 508 16 1091 735 128 
1050 649 146 560 772 560 127 743 
138 448 553 1028 1187 972 564 1131 
258 1126 651 1121 50 1187 700 1242 
61 1037 497 986 1079 988 510 1126 
996 656 53 447 691 537 106 52 
1074 37 664 1021 1168 1034 697 79 
925 418 1012 127 234 122 1090 486 
1005 565 31 433 1178 512 68 691 
479 820 915 159 1006 806 340 264 
1048 735 320 938 1087 953 385 825 
11 1092 673 12 246 46 767 1142 
14 1097 738 29 276 121 724 1145 
1001 762 333 887 1104 951 394 757 
431 179 928 244 413 287 1022 248 
972 709 162 474 625