206 825 538 699 1130 645 21 448 
1175 584 1068 1150 989 414 915 29 
683 850 718 850 591 1199 418 685 
1216 749 83 217 1191 591 917 1106 
119 1061 374 550 175 810 1100 67 
50 947 219 324 123 702 1028 554 
259 452 955 1045 791 186 632 849 
152 853 66 185 1192 667 1215 222 
496 1062 228 288 686 957 257 687 
967 1020 761 858 67 791 88 1109 
1237 584 1004 1166 891 437 922 11 
1124 567 930 1019 811 311 882 1209 
808 222 623 656 471 40 525 930 
261 851 1197 24 1094 685 17 368 
711 57 372 514 331 1218 584 1031 
1074 442 760 704 547