250 1107 1118 379 1184 1060 752 187 
776 392 1165 367 628 472 95 760 
1061 132 256 766 975 821 476 1100 
1135 757 297 797 1025 975 556 1160 
901 628 99 616 755 726 317 997 
563 223 880 49 337 240 1125 1134 
628 843 231 612 799 718 440 1131 
475 1222 579 967 1111 1045 816 266 
814 400 1150 346 1143 532 137 801 
316 686 822 119 1029 891 476 439 
922 644 280 963 1187 1122 604 1075 
1179 1054 697 116 438 310 1074 217 
1232 1118 831 212 553 469 1106 284 
1018 838 485 1130 186 97 819 1186 
493 301 1124 522 769 699 213 695 
1072 866 386 769 985