936 455 350 715 103 1057 589 1139 
405 1202 620 927 1007 655 91 597 
885 1160 1200 323 342 1218 659 1097 
1135 736 213 590 627 342 935 79 
1042 763 187 593 548 283 877 83 
798 456 1071 137 253 1184 580 366 
913 1121 464 747 778 496 00 479 
776 257 814 1108 1111 869 445 952 
140 876 244 526 1140 346 1041 327 
784 1036 1014 115 809 469 1144 993 
03 832 276 721 693 413 998 134 
98 1050 463 853 892 549 1194 290 
1228 915 370 699 749 461 1005 165 
849 456 1090 191 226 1201 590 946 
180 1026 352 736 747 510 1189 402 
642 237 784 940 955