898 424 327 703 102 1066 608 1166 
354 1156 583 900 992 654 101 616 
820 1100 1147 280 312 1203 658 1106 
1058 660 143 529 581 312 920 78 
954 676 104 518 487 240 850 71 
703 361 979 54 183 1131 543 343 
814 1022 369 660 702 436 1204 448 
676 158 719 1020 1034 804 394 914 
110 853 231 524 1150 368 1073 365 
762 1023 1013 127 835 507 1190 1045 
1241 830 288 750 737 469 1061 201 
97 1062 491 898 953 622 22 370 
1238 939 411 758 824 546 1095 256 
869 490 1141 259 308 43 687 1043 
209 1069 409 809 832 604 38 502 
676 285 845 1015 1041