435 23 09 488 04 1088 740 140 
1005 607 109 530 750 548 124 748 
84 396 504 986 1153 948 552 1128 
196 1065 593 1068 06 1153 678 1230 
1243 969 431 925 1026 946 480 1106 
924 584 1233 381 633 488 69 25 
1000 1213 592 953 1107 982 655 47 
850 344 940 59 172 68 1045 451 
975 539 11 420 1174 518 81 711 
453 799 901 155 1013 823 364 295 
1029 722 316 945 1106 984 423 868 
1249 1088 679 32 280 92 820 1197 
10 1102 756 62 324 180 789 1211 
1005 777 360 929 1160 1017 465 829 
443 201 963 291 474 356 1095 322 
990 737 201 524 686