306 853 485 563 917 368 945 86 
121 708 1102 1086 834 184 629 953 
998 1098 871 890 520 1036 188 408 
414 1147 391 397 1235 520 762 893 
697 362 849 891 355 850 1036 1181 
728 363 825 799 431 855 1062 501 
993 1175 371 346 1189 434 756 877 
902 337 744 763 390 982 161 322 
522 1009 88 62 384 594 1101 253 
915 877 519 522 904 324 837 588 
1102 348 661 725 374 1122 332 662 
910 246 499 490 211 919 222 547 
525 1083 128 68 1066 597 1066 221 
1175 414 662 655 412 1216 532 881 
335 840 1066 1132 892 492 1089 283 
670 1207 196 73 1112