238 1095 1108 372 1179 1058 752 190 
760 377 1151 356 619 467 92 760 
1043 114 239 751 963 812 471 1098 
1114 736 277 778 1009 963 547 1155 
879 605 77 595 736 711 306 990 
539 199 857 27 317 223 1111 1124 
603 818 207 589 778 700 425 1119 
450 1197 555 945 1090 1027 800 254 
803 390 1142 340 1141 532 140 806 
306 678 816 116 1030 895 483 448 
914 638 277 964 1192 1131 615 1088 
1174 1051 697 121 448 324 1091 235 
1229 1118 835 222 568 487 1126 305 
1018 842 493 1143 204 119 843 1210 
496 307 1134 536 788 722 237 720 
1076 875 398 785 1005