964 477 366 723 103 1049 574 1118 
442 1235 647 946 1016 655 83 582 
933 1205 1240 354 363 1228 659 1089 
1193 792 265 634 660 363 944 79 
1108 828 249 648 592 314 896 91 
869 527 1139 199 305 1224 607 382 
987 1194 535 812 834 541 33 501 
851 331 885 1174 1169 917 482 980 
162 892 252 526 1131 329 1017 298 
800 1045 1014 105 789 440 1108 953 
11 832 265 699 659 371 950 84 
98 1041 441 818 845 494 1134 230 
1220 896 338 653 692 397 937 97 
833 429 1051 139 163 1131 518 874 
158 994 308 681 682 439 1115 327 
615 201 738 884 891