68 744 525 758 09 836 260 725 
950 415 970 1134 1056 553 1112 268 
358 571 509 733 573 20 557 876 
784 348 993 1225 1065 573 984 1235 
840 546 1158 179 1183 693 1084 126 
700 352 915 1108 1033 493 930 541 
871 1070 360 530 390 1157 463 768 
752 215 716 906 760 342 990 84 
419 1048 288 426 896 1225 569 1030 
954 1081 907 1091 375 1156 490 281 
46 728 1244 249 49 897 159 510 
04 790 04 189 55 849 190 521 
1002 511 1012 1137 1021 631 1132 289 
509 1189 378 540 423 54 652 1004 
998 428 827 1044 919 593 1228 430 
140 834 1226 1237 1132