49 732 520 761 21 855 285 754 
921 392 954 1127 1059 566 1132 293 
318 536 480 715 566 23 570 895 
732 299 950 1192 1045 566 987 1247 
777 485 1102 133 1150 675 1077 129 
630 283 849 1052 990 464 914 536 
797 997 291 469 341 1122 440 756 
677 141 646 843 708 302 961 65 
406 1043 291 438 916 03 602 1067 
949 1085 921 1114 408 1195 534 328 
49 740 17 284 94 948 213 566 
16 812 39 235 110 910 254 585 
1022 541 1055 1191 1084 699 1202 358 
534 1225 426 598 489 125 725 1077 
1029 469 878 1104 987 665 52 505 
174 878 28 47 1199