212 1072 1088 356 1168 1052 752 195 
729 347 1124 333 601 455 87 760 
1006 78 205 720 938 793 459 1092 
1072 694 237 741 977 938 529 1144 
833 560 33 553 699 680 283 974 
491 151 810 1233 277 189 1084 1104 
553 769 159 544 736 664 395 1096 
400 1147 507 899 1048 990 769 228 
781 370 1126 329 1135 532 146 817 
287 662 804 110 1030 902 496 466 
898 626 270 964 1200 1147 638 1114 
1163 1045 698 130 467 352 1123 270 
1224 1118 843 240 597 525 1168 348 
1018 848 508 1168 240 162 890 08 
501 319 1154 566 827 768 286 770 
1086 890 421 816 1044