674 233 181 611 71 1096 693 46 
59 889 357 729 889 620 132 701 
453 751 832 18 123 1094 624 1136 
623 235 994 179 304 123 817 47 
466 190 887 96 137 1228 679 1229 
178 1087 472 837 1034 816 317 197 
270 481 1095 174 277 87 937 257 
126 864 194 532 599 437 99 690 
1177 709 137 492 1184 465 1223 558 
620 928 978 165 950 690 175 66 
1150 796 327 875 950 753 140 555 
66 1098 612 1119 19 1005 441 802 
19 1044 610 1062 1223 1007 333 749 
957 657 150 618 754 546 1215 324 
345 31 708 1196 46 1120 579 1050 
852 531 1168 163 255