608 176 135 579 56 1098 710 76 
1224 811 289 676 853 603 134 718 
349 652 741 1191 64 1056 607 1138 
503 117 881 78 222 64 781 32 
331 56 758 1227 36 1151 626 1197 
34 944 333 708 921 725 249 151 
121 333 952 40 159 1238 859 200 
1225 715 50 397 479 333 14 624 
1122 664 105 475 1185 484 08 605 
576 895 960 167 972 732 233 135 
1119 779 328 900 999 823 225 647 
50 1099 636 1171 98 1105 552 917 
20 1065 656 1138 76 1130 465 882 
974 695 214 710 872 682 108 469 
377 83 784 47 169 10 727 1199 
894 592 01 269 380