738 288 224 640 83 1092 674 14 
142 965 422 780 921 634 128 682 
555 849 921 93 179 1128 638 1132 
743 353 1105 277 383 179 849 59 
600 324 1016 213 235 53 730 08 
322 1230 611 966 1145 905 382 240 
418 629 1238 308 395 185 1013 312 
276 1012 338 666 719 539 182 754 
1230 752 167 505 1179 442 1186 509 
662 958 992 160 923 644 115 1245 
1179 810 321 846 896 679 54 461 
78 1092 584 1064 1187 904 329 686 
14 1020 560 983 1117 883 201 615 
937 615 83 523 635 410 1071 180 
311 1227 630 1092 1171 980 432 900 
807 466 1082 57 130