62 740 523 759 13 842 269 735 
940 407 965 1132 1057 558 1119 277 
345 559 499 727 570 21 562 882 
767 332 979 1214 1059 570 985 1239 
819 526 1139 164 1172 687 1082 127 
677 329 893 1089 1019 483 925 539 
846 1046 337 510 374 1145 455 764 
727 190 693 885 743 329 980 78 
415 1047 289 430 903 1234 580 1042 
952 1083 912 1099 386 1169 505 297 
47 732 02 260 64 914 177 528 
08 797 16 204 73 870 211 543 
1009 521 1027 1155 1042 654 1156 312 
517 1201 394 560 445 77 676 1028 
1009 442 844 1064 942 617 03 455 
152 849 1243 07 1154