563 136 103 557 44 1097 720 95 
1167 758 242 639 827 591 133 728 
280 585 679 1138 23 1030 595 1137 
422 37 805 10 166 23 755 20 
241 1217 671 1148 1218 1098 589 1175 
1189 848 240 621 845 663 202 119 
22 235 856 1201 79 1171 806 160 
1125 616 1205 307 398 264 1207 579 
1084 632 82 462 1184 495 29 635 
544 871 947 166 985 758 270 179 
1097 766 327 915 1030 868 279 708 
39 1098 650 1203 149 1170 625 993 
19 1077 685 1186 144 1211 552 970 
984 719 255 770 950 772 203 565 
396 116 833 114 251 102 825 49 
921 632 56 338 462