143 791 539 736 1202 747 146 591 
1068 507 1027 1150 1030 491 1020 154 
527 718 622 801 591 1243 495 787 
1004 554 1170 105 1138 591 958 1178 
1107 807 146 372 63 761 1100 104 
1001 651 1195 96 1210 606 987 555 
1190 137 659 791 596 54 555 815 
1077 534 1017 1173 980 511 1108 159 
464 1062 265 364 798 1096 417 863 
967 1058 842 981 227 979 293 73 
23 663 1131 89 1100 671 1168 263 
1196 685 1099 1234 1062 583 1163 242 
911 372 823 900 748 337 829 1235 
390 1025 166 285 135 995 335 686 
859 247 603 781 626 281 906 106 
1236 642 996 972 840