239 840 531 670 1080 577 1189 356 
1234 625 1086 1141 955 359 845 1197 
774 924 768 871 581 1164 363 617 
91 862 174 276 1214 581 883 1056 
277 1213 508 651 234 831 1091 38 
232 1127 385 458 214 752 1046 547 
455 646 1135 1197 904 260 673 864 
352 1049 248 343 67 758 24 255 
510 1055 198 235 612 865 153 575 
960 989 704 775 1212 671 1209 973 
1208 528 920 1054 757 290 767 1104 
1074 488 821 882 654 142 707 1034 
738 124 495 502 298 1106 336 742 
177 739 1057 1111 913 494 1071 171 
615 1186 227 347 148 1025 385 832 
970 316 612 538 365