43 727 518 762 25 861 293 764 
911 384 949 1125 1060 570 1138 301 
304 524 471 708 563 24 574 901 
714 282 936 1181 1039 563 988 01 
757 465 1083 117 1139 668 1075 130 
607 260 828 1033 976 455 909 534 
773 973 268 449 324 1110 432 751 
652 117 623 823 690 288 951 59 
402 1041 292 442 923 12 613 1079 
947 1086 925 1122 418 1208 549 344 
50 744 25 295 109 964 231 584 
19 819 50 250 128 930 275 607 
1028 551 1069 1208 1104 721 1225 382 
543 1237 442 617 511 148 749 1101 
1039 482 894 1124 1009 689 77 530 
186 892 45 67 1221