148 795 539 734 1196 739 137 580 
1077 513 1031 1150 1028 485 1012 145 
539 728 630 805 591 1240 489 779 
1021 570 1183 114 1143 591 956 1172 
1128 827 164 386 72 765 1100 102 
1024 674 1216 114 1223 614 991 555 
1215 161 682 811 612 64 561 819 
1102 559 1040 1194 997 523 1117 164 
466 1062 263 359 790 1086 405 849 
968 1056 836 972 215 965 278 57 
21 658 1122 76 1084 653 1150 244 
1191 676 1086 1218 1043 562 1141 220 
904 361 808 882 727 314 806 1212 
381 1012 150 265 113 971 310 661 
848 232 585 761 604 257 881 81 
1224 627 978 952 818