225 1084 1098 364 1174 1055 752 193 
744 362 1138 344 610 461 89 760 
1024 96 222 736 950 802 465 1095 
1093 715 257 760 993 950 538 1150 
856 582 55 574 718 696 294 982 
515 175 833 05 297 206 1098 1114 
578 793 183 566 757 682 410 1108 
425 1172 531 922 1069 1008 784 241 
792 380 1134 335 1138 532 143 812 
296 670 810 113 1030 898 490 457 
906 632 273 964 1196 1139 627 1101 
1168 1048 698 126 457 338 1107 252 
1226 1118 839 231 582 506 1147 327 
1018 845 500 1156 222 140 866 1234 
499 313 1144 551 808 745 261 745 
1081 883 409 800 1025