104 768 533 750 1234 796 209 664 
1006 459 998 1143 1046 526 1071 217 
437 640 563 766 583 09 530 836 
887 445 1077 37 1101 583 974 1210 
964 668 19 270 1245 726 1093 118 
839 491 1045 1219 1117 547 958 549 
1019 1216 499 652 487 1226 507 792 
902 363 855 1030 863 421 1046 120 
441 1056 279 399 852 1167 500 954 
962 1073 879 1042 308 1075 400 186 
37 700 1194 176 1209 793 49 396 
1229 743 1184 95 1193 727 63 393 
962 449 926 1029 896 496 993 149 
456 1115 282 423 291 1161 505 857 
935 345 724 923 784 449 1079 280 
70 746 1120 1115 998