301 1152 1157 410 1205 1069 750 176 
838 450 1218 412 662 494 104 758 
1135 203 323 826 1024 857 498 1109 
1218 839 376 870 1088 1024 590 1181 
993 719 188 699 828 786 362 1028 
660 319 975 138 416 307 1178 1173 
727 942 327 703 881 789 498 1176 
575 71 676 1059 1194 1119 878 317 
858 439 1182 368 1154 530 124 779 
354 718 845 131 1027 875 448 402 
952 667 292 961 1168 1088 558 1021 
1199 1065 695 97 399 254 1008 146 
1241 1116 813 175 494 393 1022 198 
1016 824 454 1079 114 10 725 1091 
482 276 1083 462 691 608 115 596 
1051 833 338 705 906