663 224 174 606 69 1097 696 51 
45 876 345 721 883 618 133 704 
436 735 817 06 114 1088 622 1137 
603 216 975 162 290 114 811 45 
443 168 866 76 120 1216 671 1224 
154 1063 449 816 1015 801 305 190 
245 456 1071 152 258 71 924 248 
101 839 170 509 579 420 85 679 
1168 702 132 489 1184 468 1229 566 
613 922 975 165 954 697 185 78 
1145 793 327 880 958 764 155 571 
64 1098 616 1128 33 1022 460 822 
19 1048 618 1075 1240 1028 355 771 
960 663 161 633 774 569 1239 349 
351 40 721 1213 66 1143 604 1074 
859 541 1182 181 276