362 1208 1205 447 1228 1079 747 161 
914 523 33 467 703 520 114 755 
1226 292 406 899 1084 900 524 1119 
72 942 475 961 1165 1084 631 1204 
1107 833 299 802 919 859 417 1065 
780 440 1092 249 515 390 1243 1221 
851 1065 448 817 984 878 571 1232 
700 195 796 1173 48 1210 954 378 
912 485 1219 393 1164 526 106 749 
400 756 872 143 1022 853 411 355 
988 693 304 955 1142 1042 498 953 
1223 1077 689 69 346 182 923 57 
01 1111 789 125 418 297 916 91 
1013 804 413 1012 22 1150 607 972 
465 243 1029 385 593 494 1242 472 
1025 791 276 623 807