505 86 62 527 27 1094 730 116 
1094 690 183 590 793 572 130 738 
191 500 600 1070 1220 994 576 1134 
320 1186 709 1173 94 1220 721 03 
129 1104 562 1047 1131 1030 540 1145 
1069 728 123 512 749 584 143 78 
1148 111 736 1088 1228 1086 738 110 
1000 492 1085 195 296 175 1134 521 
1035 591 51 445 1181 506 54 670 
504 840 927 162 999 789 314 233 
1067 747 324 930 1066 922 346 782 
22 1095 665 1241 210 1249 714 1086 
16 1090 719 1245 227 61 660 1080 
995 746 304 844 1047 884 322 685 
419 156 893 195 353 218 948 173 
954 681 122 423 564