283 852 509 611 988 457 1048 199 
69 679 1101 1114 889 260 721 1056 
911 1032 835 889 551 1094 264 497 
286 1035 309 355 1233 551 817 964 
528 202 715 799 313 849 1064 1229 
526 166 648 665 349 819 1061 525 
773 959 174 186 1077 368 727 876 
677 117 542 594 262 895 109 299 
522 1032 137 137 481 708 1227 387 
938 928 599 630 1034 469 991 748 
1150 426 771 863 533 45 512 844 
981 349 634 653 394 1113 421 747 
616 1206 281 248 14 806 29 435 
31 550 826 843 618 183 752 1102 
453 984 1236 74 1100 710 63 507 
795 106 368 264 68