304 853 488 568 925 378 956 99 
115 705 1102 1090 840 192 639 964 
989 1091 868 891 524 1043 196 418 
400 1135 382 393 1235 524 768 901 
678 344 835 881 351 851 1040 1186 
706 342 805 785 422 852 1062 504 
968 1151 350 328 1177 427 753 877 
877 312 722 744 376 973 155 320 
523 1012 93 70 395 607 1115 268 
918 883 529 535 919 340 854 606 
1108 357 674 740 392 1142 352 683 
918 257 515 509 231 940 244 569 
535 1097 145 88 1088 620 1090 245 
1187 429 680 676 435 1240 556 906 
348 856 1085 1154 915 516 1114 308 
684 1224 215 94 1135