243 841 530 666 1073 568 1179 344 
1241 630 1088 1140 951 352 836 1187 
785 933 774 873 580 1159 356 608 
106 876 185 283 1216 580 879 1049 
296 1231 524 663 241 833 1090 34 
255 1149 405 474 225 758 1048 546 
480 670 1157 1215 918 269 678 865 
377 1074 271 362 82 769 31 259 
511 1054 193 228 602 853 140 561 
959 985 696 764 1199 656 1192 956 
1204 521 909 1039 740 271 748 1084 
1067 477 807 865 634 121 685 1012 
729 111 479 483 276 1083 313 718 
166 725 1040 1091 890 470 1047 147 
603 1171 208 326 125 1000 360 807 
957 300 593 517 342