183 814 540 715 1159 686 70 504 
1135 556 1054 1152 1007 445 957 78 
625 801 683 833 593 1218 449 726 
1136 675 22 176 1173 593 935 1135 
19 964 288 483 134 793 1102 83 
1185 833 114 238 62 667 1014 556 
137 331 841 948 717 137 604 838 
27 731 1201 85 1112 609 1175 199 
485 1063 244 319 731 1012 320 756 
969 1036 793 907 130 864 168 1192 
03 616 1055 1234 972 528 1017 108 
1153 614 996 1103 908 416 990 68 
849 281 701 751 578 155 642 1048 
312 919 32 125 1206 805 139 490 
769 131 461 617 445 88 708 1156 
1137 520 851 808 660