264 848 521 640 1032 514 1114 273 
31 656 1096 1129 921 308 780 1122 
849 984 807 883 567 1128 312 554 
197 957 249 321 1227 567 849 1008 
413 93 621 733 279 843 1079 08 
391 33 527 571 289 791 1056 537 
627 815 41 77 999 320 704 872 
527 1221 407 479 173 833 71 280 
518 1044 167 184 543 782 60 475 
950 958 649 698 1117 563 1093 852 
1179 475 841 952 638 159 630 965 
1025 414 722 760 515 1242 554 880 
674 34 381 366 146 945 171 577 
100 638 934 967 754 327 900 00 
529 1078 98 200 1238 855 211 657 
877 204 481 391 206