585 156 119 568 50 1097 715 85 
1196 785 266 657 840 597 133 723 
315 618 710 1164 44 1043 601 1137 
462 77 843 44 194 44 768 26 
286 12 715 1188 02 1124 607 1186 
1237 896 287 665 883 694 226 135 
72 284 904 1246 119 1204 833 180 
1175 666 03 352 438 299 1236 601 
1103 648 93 469 1185 489 18 620 
560 883 953 166 979 745 252 157 
1108 772 328 908 1015 845 252 678 
45 1099 643 1187 124 1137 588 955 
20 1071 671 1162 110 1171 508 926 
980 707 235 740 911 727 156 517 
386 100 809 80 210 56 776 1249 
908 613 29 303 421