685 242 189 616 73 1096 690 41 
73 902 368 738 894 623 132 698 
470 767 847 31 133 1100 627 1136 
644 255 1012 195 317 133 822 49 
488 213 909 116 153 1241 688 1234 
202 1111 496 859 1052 831 328 205 
295 506 1119 197 297 103 950 266 
151 889 218 554 620 454 113 701 
1186 716 142 494 1183 461 1217 550 
627 933 980 164 945 682 166 54 
1155 799 326 871 941 741 126 540 
68 1097 608 1110 06 989 423 783 
18 1040 602 1049 1205 987 311 727 
954 650 139 602 734 523 1191 300 
340 22 695 1179 25 1097 555 1025 
844 520 1154 146 234