1232 685 497 766 54 912 364 849 
820 309 897 1101 1065 601 1192 372 
179 412 380 647 536 29 605 952 
555 131 802 1077 973 536 993 30 
568 279 911 1223 1035 607 1051 134 
397 51 630 861 842 364 857 513 
551 753 59 263 173 998 357 709 
427 1145 413 634 531 163 860 1248 
361 1021 296 473 980 91 709 1188 
927 1090 958 1186 510 72 677 482 
54 777 91 395 238 1114 392 751 
49 880 147 383 290 1110 463 797 
1081 637 1191 116 39 923 183 590 
616 92 581 789 708 361 968 71 
1128 601 1044 52 1210 905 300 754 
286 1019 200 246 171