296 853 496 585 949 408 991 137 
99 696 1103 1100 859 218 670 999 
960 1070 856 891 535 1063 222 448 
358 1098 355 380 1235 535 787 925 
622 291 791 851 338 851 1050 1203 
639 276 746 741 395 840 1063 512 
895 1079 284 275 1140 406 744 877 
802 239 655 688 334 944 139 312 
523 1020 111 96 428 645 1158 313 
926 900 556 571 962 389 906 660 
1125 384 711 787 445 1200 412 744 
942 292 560 563 293 1005 311 636 
566 1138 196 148 1154 690 1161 316 
1223 475 735 739 503 62 630 979 
388 904 1142 1217 984 589 1188 382 
726 24 273 158 1204