1239 690 500 766 51 907 356 839 
830 318 903 1104 1065 598 1186 364 
194 425 391 654 539 29 602 947 
573 148 817 1089 981 539 993 27 
589 300 930 1239 1047 614 1054 134 
420 74 652 880 857 375 863 516 
576 777 82 284 190 1011 366 714 
452 1170 436 655 549 178 870 05 
366 1024 296 470 974 82 699 1176 
930 1090 955 1179 501 60 663 467 
54 774 84 384 224 1098 375 732 
46 873 136 368 272 1091 442 776 
1075 628 1178 99 19 901 160 567 
608 81 566 770 686 337 944 47 
1118 588 1027 32 1187 881 275 729 
275 1005 183 227 148