174 1037 1058 331 1152 1044 752 202 
681 302 1083 298 574 437 78 760 
950 23 154 674 899 764 441 1084 
1009 632 176 685 929 899 502 1128 
764 491 1216 490 643 634 248 950 
418 78 739 1166 216 138 1043 1074 
479 695 86 475 674 609 350 1061 
325 1073 434 830 985 934 721 190 
747 340 1101 311 1125 532 154 832 
257 636 785 99 1029 912 515 492 
874 608 259 963 1212 1171 671 1153 
1146 1035 697 142 494 392 1172 322 
1215 1118 854 266 639 580 1230 411 
1018 857 529 1205 292 227 960 79 
509 336 1184 609 884 836 359 845 
1100 914 456 863 1103