1211 841 886 191 1050 986 738 228 
423 56 857 100 417 328 18 746 
648 978 1123 420 685 601 332 1026 
670 295 1100 382 663 685 345 1026 
396 123 856 151 340 380 50 809 
31 941 360 806 1140 1107 817 902 
82 299 949 107 337 314 104 865 
1174 676 47 462 646 632 463 1227 
557 170 958 204 1062 516 184 902 
89 491 670 27 1011 950 603 620 
736 496 185 943 07 32 833 99 
1044 967 677 189 621 592 169 591 
1156 1101 895 386 851 867 305 746 
1004 891 628 137 564 567 83 457 
536 414 77 830 1183 1194 749 1242 
1163 1027 630 1104 159