727 279 217 635 82 1093 677 19 
128 952 411 772 916 632 129 685 
538 832 906 81 170 1123 636 1133 
723 333 1086 261 370 170 844 58 
577 301 995 194 219 41 722 03 
298 1206 588 945 1126 890 371 233 
394 604 1214 285 375 168 1000 303 
251 988 314 643 699 522 168 743 
1222 745 162 503 1180 446 1192 517 
656 953 990 161 928 652 125 07 
1174 808 322 851 906 692 68 477 
77 1094 589 1073 1201 921 348 706 
15 1024 569 997 1134 904 223 638 
940 622 95 539 655 433 1095 204 
317 1236 643 1110 1191 1003 456 925 
814 477 1097 74 151