261 847 523 644 1039 523 1125 285 
25 652 1095 1131 927 315 789 1133 
839 976 801 882 570 1134 319 563 
182 944 239 315 1225 570 855 1015 
393 74 605 722 273 842 1081 12 
369 11 507 555 279 785 1055 539 
602 790 19 58 986 312 700 871 
502 1196 385 459 158 823 65 277 
517 1046 172 191 553 794 73 489 
952 963 657 709 1131 579 1109 870 
1183 483 853 967 655 178 650 985 
1033 425 736 778 535 14 576 902 
683 47 398 385 168 968 195 600 
111 653 951 988 777 351 924 24 
541 1094 116 221 11 879 236 682 
890 220 500 412 228