116 775 535 746 1225 782 191 644 
1024 473 1007 1146 1042 517 1057 199 
463 663 580 777 586 05 521 822 
921 476 1104 57 1112 586 970 1201 
1005 708 56 300 15 737 1096 114 
886 536 1088 06 1144 564 967 551 
1068 15 544 692 518 1249 521 799 
952 412 902 1071 897 447 1064 132 
448 1058 276 390 837 1147 477 928 
964 1069 869 1025 286 1048 370 154 
34 690 1176 152 1178 759 12 358 
1220 727 1160 64 1156 686 20 350 
948 427 897 992 854 451 946 102 
437 1089 249 384 246 1114 457 808 
914 317 690 883 739 401 1030 231 
46 717 1085 1075 953