74 749 526 757 05 829 252 715 
960 422 975 1135 1054 549 1106 260 
372 583 518 739 575 18 553 869 
801 364 1007 1235 1071 575 982 1231 
861 567 1177 195 1193 699 1085 125 
723 375 936 1127 1047 502 935 542 
896 1095 383 551 406 1169 470 773 
777 240 739 927 777 356 1000 90 
422 1050 287 422 889 1215 557 1017 
955 1080 903 1083 364 1143 475 266 
44 723 1236 237 35 879 141 491 
00 782 1243 173 36 829 169 500 
996 501 998 1119 1001 609 1109 265 
500 1177 362 521 401 30 627 979 
988 414 810 1024 897 569 1203 405 
128 820 1208 1216 1109