122 989 1016 298 1128 1031 750 210 
618 242 1028 250 537 412 65 758 
875 1200 85 612 847 725 416 1071 
925 548 95 610 864 847 465 1104 
672 399 1126 406 568 572 200 916 
322 1232 644 1076 135 69 988 1032 
380 596 1240 383 590 536 290 1013 
225 974 338 738 901 859 658 138 
701 299 1067 286 1112 530 164 852 
216 602 758 84 1027 924 540 526 
841 582 243 961 1226 1202 714 1204 
1122 1020 695 157 529 445 1235 391 
1202 1116 867 299 695 654 62 496 
1016 868 556 03 362 313 1054 174 
517 358 1222 666 960 926 457 944 
1117 944 501 925 1180