138 788 538 738 1206 754 155 602 
1060 500 1023 1149 1033 496 1027 163 
514 707 613 796 590 1245 500 794 
988 539 1157 96 1133 590 961 1182 
1087 787 128 358 54 756 1099 106 
978 628 1173 78 1197 597 983 554 
1166 112 636 771 581 43 548 812 
1052 510 994 1153 964 498 1100 154 
460 1061 267 369 806 1107 429 876 
967 1060 847 990 239 993 309 90 
26 669 1140 101 1116 688 1187 282 
1201 694 1111 00 1080 603 1184 264 
919 384 838 919 770 360 853 09 
400 1038 183 305 157 1019 359 710 
870 261 620 801 649 305 931 131 
1248 657 1013 993 863