889 416 321 699 101 1069 613 1172 
341 1145 573 893 989 653 103 621 
804 1084 1133 269 305 1199 657 1109 
1038 641 126 514 569 305 917 77 
932 654 83 500 472 229 843 67 
679 337 956 33 166 1117 533 337 
789 998 345 638 683 420 1193 440 
651 133 695 998 1014 788 381 905 
103 847 228 524 1153 373 1080 375 
756 1020 1012 130 841 516 1202 1058 
1237 830 291 757 747 483 1077 218 
96 1065 497 909 969 640 42 390 
1240 944 421 773 843 568 1117 278 
874 499 1154 276 329 66 711 1067 
216 1079 423 827 854 628 62 526 
685 297 861 1033 1062