202 823 539 703 1136 653 31 460 
1167 579 1066 1150 992 420 924 39 
672 840 711 847 591 1203 424 693 
1200 734 71 209 1188 591 920 1112 
99 1041 357 537 167 807 1100 71 
27 924 198 307 111 695 1026 555 
235 428 932 1025 776 176 627 847 
127 829 43 165 1176 656 1207 218 
494 1062 231 295 695 968 269 701 
968 1023 767 868 79 806 105 1125 
1241 591 1015 1180 907 455 941 31 
1130 576 944 1036 831 332 904 1231 
816 234 639 675 492 63 548 954 
272 864 1214 45 1116 709 41 392 
723 72 390 535 354 1242 608 1056 
1086 458 778 725 569