250 844 527 658 1060 550 1157 321 
05 639 1091 1137 941 338 817 1165 
807 951 785 877 576 1149 342 590 
137 904 207 296 1220 576 869 1036 
335 19 557 687 254 837 1087 26 
301 1194 446 507 247 769 1051 543 
529 718 1202 03 946 287 687 868 
427 1123 317 401 113 791 45 266 
514 1051 185 213 583 830 113 532 
956 976 681 742 1172 625 1159 922 
1196 506 886 1011 706 234 709 1044 
1053 457 779 830 595 78 642 968 
711 86 447 444 233 1037 266 671 
144 696 1005 1050 845 422 998 98 
578 1140 172 284 80 952 311 757 
930 268 556 475 297