482 65 44 514 20 1092 733 124 
1064 663 158 571 779 565 128 741 
156 465 569 1042 1198 979 569 1132 
279 1146 670 1138 65 1198 707 1246 
83 1059 519 1007 1096 1002 521 1132 
1021 680 77 469 710 553 118 60 
1099 62 688 1043 1188 1051 711 89 
950 443 1037 149 255 140 1104 498 
1015 574 38 437 1179 511 64 684 
487 827 919 160 1004 801 331 254 
1055 739 322 936 1080 943 372 811 
14 1093 670 05 234 30 750 1124 
15 1095 732 18 259 101 703 1123 
999 757 323 873 1085 928 370 733 
427 171 917 228 393 264 997 223 
966 700 149 457 605