235 838 532 674 1086 586 1199 368 
1227 620 1084 1143 960 366 854 1207 
763 915 762 869 583 1169 370 626 
76 848 163 269 1211 583 888 1062 
257 1194 491 638 227 829 1093 42 
210 1104 364 441 203 746 1044 548 
431 621 1112 1178 890 251 668 862 
327 1025 226 323 52 747 17 251 
508 1056 202 242 621 877 166 589 
961 993 711 785 1225 686 1225 990 
1212 535 930 1068 774 308 787 1123 
1080 498 835 899 674 163 729 1056 
747 136 512 521 320 1129 360 765 
188 753 1075 1132 936 518 1096 196 
627 1201 245 368 171 1049 410 857 
983 332 631 559 388