223 833 535 685 1106 612 1231 403 
1205 605 1078 1146 973 387 881 1239 
729 888 744 861 587 1182 391 652 
29 806 129 247 1203 587 901 1082 
198 1137 442 601 205 821 1096 53 
141 1037 302 392 169 728 1038 551 
357 549 1045 1121 848 224 653 857 
252 951 157 264 05 713 1245 239 
503 1059 213 262 650 911 205 631 
964 1005 733 817 15 732 24 1041 
1224 557 963 1110 824 364 845 1183 
1100 528 876 951 733 227 795 1122 
774 173 560 579 385 1198 431 836 
220 795 1127 1193 1004 590 1169 269 
663 1247 300 431 240 1121 484 932 
1022 380 686 621 456