1218 674 492 766 59 923 379 867 
799 292 885 1094 1065 607 1203 387 
151 386 359 632 529 29 611 963 
519 97 772 1053 957 529 993 35 
525 238 872 1190 1011 592 1044 134 
350 04 586 822 812 343 845 508 
502 704 12 222 139 972 340 698 
377 1096 366 591 495 135 839 1234 
351 1016 296 479 992 108 730 1212 
922 1090 964 1199 530 97 705 512 
54 783 105 416 266 1147 428 787 
54 892 167 411 326 1150 505 840 
1092 655 1218 150 80 967 230 637 
631 115 611 827 752 408 1017 120 
1147 626 1077 91 04 952 349 804 
307 1047 234 286 215