411 02 1241 474 1246 1085 742 147 
975 579 84 509 735 539 121 750 
48 362 472 957 1131 932 543 1125 
155 1024 554 1032 1226 1131 663 1222 
1197 924 387 884 990 917 459 1092 
876 536 1186 337 594 456 44 07 
950 1164 544 908 1066 948 627 26 
800 294 892 13 131 32 1015 427 
954 522 1248 411 1171 521 90 724 
436 785 892 151 1016 833 380 315 
1016 712 313 949 1118 1004 448 897 
1241 1085 683 45 303 122 854 1234 
08 1106 767 83 355 219 831 04 
1008 786 378 957 1198 1062 512 876 
451 215 985 323 514 402 1144 372 
1002 755 226 558 726