231 837 534 678 1093 595 1210 380 
1219 615 1082 1144 964 373 863 1218 
752 906 756 866 584 1173 377 635 
60 834 152 262 1209 584 892 1069 
238 1175 475 626 220 826 1094 46 
187 1082 344 425 192 740 1042 550 
406 597 1090 1159 876 242 663 861 
302 1000 203 304 36 736 09 247 
507 1057 206 249 631 888 179 603 
963 997 718 796 1239 701 1241 1007 
1216 543 941 1082 791 327 806 1143 
1087 508 849 917 694 184 751 1078 
756 149 528 541 341 1152 384 789 
198 767 1092 1152 958 542 1120 220 
639 1217 263 389 194 1073 435 882 
996 348 649 579 411