199 1060 1078 348 1163 1050 752 197 
713 332 1111 321 592 449 84 760 
987 60 188 705 925 783 453 1090 
1051 674 216 723 961 925 520 1139 
810 537 10 532 681 665 271 966 
467 126 786 1210 256 172 1071 1094 
529 744 134 521 716 646 380 1084 
375 1123 483 876 1027 971 753 215 
770 360 1118 323 1132 532 149 822 
277 653 798 106 1030 905 503 475 
891 620 266 964 1204 1155 649 1127 
1157 1042 698 134 476 365 1140 287 
1221 1118 847 248 611 543 1189 369 
1018 851 515 1180 257 184 913 32 
504 325 1164 580 846 790 310 795 
1091 898 433 832 1064