917 439 339 709 103 1062 599 1152 
379 1179 602 914 1000 654 96 607 
853 1130 1174 301 327 1211 658 1102 
1097 698 178 560 604 327 928 79 
998 719 145 556 518 261 864 77 
750 408 1025 95 218 1158 562 355 
863 1072 416 703 740 466 1227 463 
726 207 766 1064 1073 837 419 933 
126 865 238 525 1145 357 1057 346 
773 1030 1014 122 822 488 1167 1019 
1247 831 282 736 715 441 1030 168 
98 1056 477 876 923 585 1233 330 
1233 927 391 729 787 504 1050 210 
859 473 1116 225 267 1247 638 995 
195 1048 380 772 789 557 1238 452 
659 261 815 978 998