850 383 297 685 98 1077 631 1198 
289 1098 535 865 973 650 112 639 
739 1023 1078 224 273 1182 654 1117 
960 565 55 452 521 273 901 74 
844 566 1249 424 410 184 815 53 
584 242 865 1199 95 1062 495 313 
690 899 250 550 607 359 1146 407 
551 34 600 910 936 723 329 866 
72 824 213 521 1162 394 1110 412 
733 1005 1009 140 865 552 1247 1109 
1224 827 301 783 789 537 1139 284 
93 1074 523 953 1029 711 119 470 
1249 967 460 831 917 653 1207 369 
892 532 1203 343 411 158 807 1164 
243 1120 480 899 939 722 161 626 
719 343 921 1107 1147