1156 790 840 153 1022 969 732 232 
357 1242 798 49 375 297 00 740 
572 903 1052 355 629 557 301 1009 
584 210 1017 304 595 629 303 998 
304 31 765 65 262 315 1249 771 
1184 844 265 715 1057 1036 758 856 
1233 200 852 15 252 239 40 814 
1074 577 1200 370 560 556 397 1172 
508 125 919 174 1042 509 188 917 
45 451 638 06 1002 955 622 648 
698 464 163 933 13 55 870 145 
1016 946 668 196 648 638 227 656 
1138 1092 901 411 899 935 384 828 
997 896 649 178 628 651 176 551 
540 431 109 882 05 33 847 91 
1176 1053 670 1162 234