1188 653 480 765 69 944 408 902 
756 256 859 1080 1064 618 1224 416 
93 334 316 602 513 28 622 984 
447 28 710 1003 924 513 992 45 
440 154 794 1123 961 562 1030 133 
256 1161 497 744 750 300 819 496 
403 606 1169 138 70 920 304 677 
277 997 272 506 423 77 796 1204 
331 1004 295 490 1015 141 771 08 
910 1089 976 1224 568 145 761 572 
53 794 131 458 321 1211 498 860 
64 916 208 468 396 1229 588 923 
1113 691 20 219 161 1056 322 729 
661 159 672 902 838 502 1114 217 
1184 677 1141 169 93 1048 448 904 
350 1102 301 365 303