597 166 127 574 53 1098 712 81 
1210 798 277 667 847 600 133 720 
332 635 725 1178 54 1050 604 1138 
482 97 862 61 208 54 775 29 
309 34 736 1208 19 1138 617 1192 
10 920 310 686 902 709 237 143 
96 309 928 18 139 1221 846 190 
1200 690 26 375 458 316 00 613 
1113 656 99 472 1185 487 13 612 
568 889 957 167 976 739 242 146 
1114 776 328 904 1007 834 238 663 
48 1099 640 1179 111 1121 570 936 
20 1068 664 1150 93 1150 486 904 
977 701 225 725 892 704 132 493 
382 91 796 64 190 33 751 1224 
901 602 15 286 400