271 850 517 631 1017 495 1092 249 
44 664 1098 1124 911 292 760 1100 
870 1001 817 886 562 1117 296 535 
227 984 269 333 1230 562 839 993 
451 129 653 756 291 846 1074 1249 
436 77 568 603 309 801 1058 533 
675 863 85 113 1026 337 712 874 
577 19 452 517 203 854 84 287 
519 1041 157 168 522 758 32 446 
947 948 633 676 1090 532 1059 818 
1170 459 818 923 603 121 591 925 
1011 393 693 725 475 1199 510 835 
655 08 348 326 102 899 124 529 
77 609 898 926 709 279 851 1200 
504 1047 61 158 1192 807 162 607 
850 171 443 348 160