313 1164 1167 417 1210 1071 750 173 
853 465 1231 423 671 500 106 758 
1153 221 340 841 1036 865 504 1111 
1239 860 396 888 1103 1036 599 1186 
1015 742 210 720 846 801 373 1035 
684 343 998 160 436 324 1191 1183 
752 966 351 726 902 807 513 1188 
600 96 700 1081 1215 1137 893 329 
869 448 1189 373 1156 529 120 773 
363 726 851 134 1026 871 441 393 
959 672 295 960 1163 1079 546 1008 
1204 1068 694 91 388 240 991 129 
1243 1115 809 165 479 374 1001 177 
1016 820 446 1066 96 1238 702 1067 
479 270 1072 447 672 586 90 571 
1046 825 326 689 886