387 1230 1223 461 1237 1082 745 154 
945 551 58 488 719 530 118 753 
12 327 439 928 1108 916 534 1122 
114 983 515 997 1195 1108 647 1213 
1152 878 343 843 955 888 438 1079 
828 488 1139 293 555 423 18 1239 
900 1115 496 862 1025 913 599 04 
750 244 844 1218 90 1246 985 403 
933 504 1233 402 1168 523 98 737 
418 771 882 147 1019 843 396 335 
1002 703 309 952 1130 1023 473 925 
1232 1081 687 57 325 152 889 20 
04 1109 778 104 387 258 874 47 
1011 795 396 985 1235 1106 560 924 
458 229 1008 354 553 448 1193 422 
1013 773 251 591 767