350 1197 1195 439 1224 1077 748 164 
899 508 20 456 695 515 112 756 
1208 274 390 885 1072 891 519 1117 
52 922 456 943 1150 1072 623 1200 
1084 810 277 782 901 845 406 1057 
756 416 1069 227 496 374 1230 1211 
826 1040 424 794 964 860 556 1221 
675 170 772 1150 28 1192 939 366 
901 476 1212 388 1162 527 110 755 
391 749 867 141 1023 857 419 364 
981 688 302 957 1147 1051 510 967 
1218 1075 691 75 357 196 940 75 
1249 1112 794 135 433 316 938 112 
1014 808 421 1026 41 1172 631 996 
469 250 1040 401 613 517 17 496 
1030 799 289 640 827