30 718 514 764 32 873 310 783 
891 368 938 1120 1062 577 1150 318 
277 499 451 695 558 26 581 913 
679 249 907 1158 1025 558 990 08 
715 424 1045 86 1116 655 1070 132 
560 214 784 995 947 435 898 530 
723 924 222 408 291 1085 416 742 
602 67 576 781 655 261 931 46 
394 1037 294 449 936 30 635 1104 
943 1087 933 1137 439 1234 578 375 
51 752 40 318 138 998 268 622 
26 833 72 280 164 971 317 649 
1040 571 1096 1244 1146 766 22 428 
560 11 473 656 555 196 798 1150 
1059 509 928 1164 1054 737 126 580 
208 921 80 107 15