276 1130 1138 395 1195 1065 751 182 
807 421 1191 390 645 484 100 759 
1098 167 290 796 1000 839 488 1105 
1177 798 337 833 1056 1000 573 1171 
947 674 144 658 791 756 340 1013 
611 271 928 94 377 274 1151 1154 
677 892 279 658 840 753 469 1154 
525 21 627 1013 1153 1082 847 292 
836 419 1166 357 1149 531 131 790 
335 702 834 125 1029 883 462 421 
937 656 286 962 1178 1105 581 1048 
1189 1060 696 107 419 282 1041 182 
1237 1117 822 194 524 431 1064 241 
1017 831 470 1105 150 53 772 1139 
488 289 1104 492 730 654 164 646 
1062 850 362 737 946