908 431 333 706 102 1064 604 1159 
367 1168 592 907 996 654 99 612 
837 1115 1160 291 320 1207 658 1104 
1077 679 161 545 592 320 924 78 
976 697 125 537 503 251 857 74 
727 384 1002 75 201 1144 552 349 
839 1047 392 681 721 451 1216 455 
701 183 743 1042 1053 821 407 924 
118 859 234 525 1148 363 1065 356 
768 1027 1013 125 829 498 1179 1032 
1244 831 285 743 726 455 1046 185 
97 1059 484 887 938 604 03 350 
1236 933 401 743 805 525 1072 233 
864 482 1128 242 288 20 662 1019 
202 1058 395 790 811 581 13 477 
668 273 830 996 1020