87 756 529 754 1247 816 235 695 
978 437 984 1139 1051 540 1092 243 
398 606 536 750 578 15 544 856 
836 397 1035 06 1084 578 979 1223 
902 607 1214 225 1214 710 1089 122 
770 422 980 1164 1075 520 944 545 
945 1143 430 591 439 1192 485 780 
827 289 786 968 812 382 1018 103 
430 1053 284 413 874 1196 535 992 
958 1077 894 1067 342 1116 445 234 
42 714 1219 213 04 845 104 453 
1242 767 1220 142 1249 788 126 457 
983 480 970 1083 959 564 1063 219 
482 1152 330 482 357 1233 579 930 
967 387 776 984 852 521 1154 355 
105 791 1173 1176 1065