375 1219 1214 454 1233 1081 746 157 
930 537 46 477 711 525 116 754 
1244 309 423 914 1096 908 529 1121 
93 963 495 979 1180 1096 639 1209 
1129 856 321 823 937 874 427 1072 
804 464 1116 271 535 407 06 1230 
876 1090 472 840 1005 895 585 1243 
725 220 820 1195 69 1228 970 391 
923 495 1226 398 1166 525 102 743 
409 764 877 145 1021 848 404 345 
995 698 307 954 1136 1033 486 939 
1227 1079 688 63 336 167 906 39 
03 1110 783 115 402 278 895 69 
1012 799 404 999 04 1128 583 948 
462 236 1019 370 573 471 1218 447 
1019 782 264 607 787