03 700 505 766 45 896 341 821 
851 335 915 1110 1064 592 1174 349 
222 450 411 668 546 29 596 936 
609 182 847 1112 996 546 992 21 
631 341 968 22 1070 628 1060 134 
467 121 696 918 887 395 875 521 
625 826 129 325 224 1036 383 724 
502 1219 483 697 585 206 891 19 
376 1029 296 463 962 65 678 1152 
935 1089 948 1165 480 35 635 436 
53 767 70 363 195 1065 339 696 
40 860 115 339 237 1051 401 734 
1064 609 1151 64 1228 856 114 521 
592 58 535 732 643 290 895 1248 
1099 562 995 1243 1143 833 225 680 
253 977 149 187 104