1150 624 463 762 80 967 442 946 
702 210 824 1060 1060 630 1248 450 
20 268 260 561 491 24 634 1007 
356 1191 631 939 881 491 988 56 
334 49 695 1039 897 521 1010 130 
139 1044 385 645 671 244 784 479 
280 484 1052 33 1233 854 258 648 
151 874 155 400 332 04 742 1166 
303 987 292 501 1041 180 820 65 
894 1086 988 04 614 204 829 645 
50 806 161 508 388 40 584 950 
75 945 256 537 482 77 691 1028 
1137 733 83 303 262 1167 436 844 
697 213 745 995 946 619 1235 339 
1229 739 1221 266 203 1167 572 1029 
402 1169 384 463 413