274 850 515 626 1010 486 1081 236 
51 668 1099 1122 905 284 751 1089 
881 1009 821 887 560 1112 288 526 
242 997 279 339 1231 560 833 986 
470 148 669 767 297 847 1072 1244 
459 99 588 619 319 805 1059 531 
700 887 107 132 1039 345 716 874 
602 44 475 536 218 865 91 290 
520 1039 152 161 512 745 19 431 
945 943 625 664 1076 516 1042 800 
1165 451 807 908 586 102 571 905 
1004 382 678 707 454 1178 488 813 
645 1245 331 307 80 875 100 506 
66 594 880 905 686 255 826 1176 
491 1031 42 137 1169 783 137 582 
836 155 425 327 137