991 499 381 731 102 1040 558 1096 
479 18 674 964 1025 654 74 566 
980 00 29 385 383 1237 658 1080 
00 847 317 678 693 383 953 78 
1173 893 311 703 636 345 914 99 
940 597 1207 261 357 13 634 397 
1061 18 605 877 889 586 66 523 
926 405 956 1239 1226 964 519 1007 
183 907 260 525 1121 311 992 268 
815 1053 1014 94 768 410 1072 912 
19 831 254 676 625 328 902 33 
97 1030 419 782 797 438 1075 169 
1211 876 306 607 634 332 869 29 
817 402 1011 87 100 1062 445 801 
136 961 263 625 617 368 1041 252 
587 164 691 828 826