1126 606 452 759 86 981 462 971 
668 181 802 1047 1057 636 12 470 
1226 227 225 535 476 21 640 1021 
301 1138 583 900 853 476 985 62 
269 1235 635 987 858 495 997 127 
68 974 318 585 623 209 762 468 
206 410 982 1219 1180 813 229 630 
76 800 84 335 277 1210 708 1142 
286 977 289 507 1056 202 849 98 
883 1083 995 20 640 238 868 689 
47 813 178 537 427 87 636 1003 
81 960 284 578 534 135 752 1090 
1150 758 120 352 321 1233 505 913 
718 245 789 1050 1011 689 58 412 
05 776 19 323 269 1239 646 1104 
433 1209 434 521 479