23 714 512 764 35 879 317 793 
881 360 933 1118 1063 581 1157 325 
263 487 441 689 555 27 585 919 
662 233 892 1147 1018 555 991 11 
694 403 1026 70 1105 649 1068 132 
537 190 762 976 932 425 893 528 
699 899 198 387 275 1073 408 738 
577 43 553 760 638 247 921 39 
389 1035 294 453 943 39 646 1116 
941 1088 937 1144 450 1247 592 390 
52 756 48 329 152 1015 285 640 
30 840 83 295 183 991 338 670 
1046 581 1110 11 1166 789 45 451 
568 23 489 675 577 219 822 1175 
1069 522 945 1183 1076 761 151 605 
220 935 97 127 38