1210 669 489 766 62 928 386 876 
789 283 878 1091 1065 610 1208 394 
137 373 348 625 525 29 614 968 
501 80 756 1040 949 525 993 38 
504 217 852 1173 998 585 1041 134 
327 1231 563 802 796 332 838 505 
477 680 1239 201 122 959 331 693 
352 1071 343 570 477 121 829 1226 
346 1013 296 482 998 116 740 1223 
919 1090 967 1205 540 109 719 527 
54 786 111 427 280 1163 445 805 
57 898 178 426 343 1170 526 861 
1097 664 1231 168 100 990 253 660 
639 126 627 846 773 431 1041 144 
1156 639 1093 111 26 976 374 829 
318 1061 251 306 237