179 811 540 718 1165 693 80 515 
1127 550 1051 1152 1010 451 965 88 
613 791 675 830 593 1221 455 733 
1120 661 10 168 1169 593 938 1141 
1249 945 270 470 126 790 1102 86 
1162 811 93 220 50 659 1011 556 
112 307 819 929 703 127 598 835 
02 706 1178 65 1096 597 1167 195 
483 1064 247 325 739 1022 332 769 
969 1039 800 916 142 879 184 1209 
06 622 1065 1247 988 546 1036 128 
1159 623 1009 1119 928 437 1012 90 
857 293 716 769 599 178 666 1071 
322 932 49 145 1228 829 164 515 
781 145 479 638 468 112 732 1181 
1149 535 869 829 683