1197 828 874 182 1044 982 737 229 
406 40 842 88 407 320 14 745 
629 959 1106 404 671 590 324 1022 
648 274 1079 363 646 671 335 1020 
373 100 833 130 321 364 38 800 
07 917 336 783 1119 1090 802 890 
57 274 925 84 316 295 88 852 
1149 651 23 439 624 613 446 1213 
545 159 948 196 1057 514 185 906 
78 481 663 22 1009 951 608 627 
727 488 180 940 09 38 842 110 
1037 962 675 191 628 604 184 608 
1152 1099 897 393 863 884 325 767 
1002 892 633 147 580 588 107 481 
537 419 85 843 1201 1217 774 17 
1166 1034 640 1119 178