954 470 361 721 103 1051 579 1125 
430 1224 638 940 1013 655 86 587 
917 1190 1227 344 356 1225 659 1091 
1174 773 248 619 649 356 941 79 
1086 806 228 630 577 304 890 89 
845 503 1116 178 288 1211 598 377 
962 1170 511 790 815 526 22 494 
826 306 861 1152 1150 901 470 970 
155 886 250 526 1134 335 1025 307 
795 1042 1014 109 796 450 1120 966 
09 832 269 706 670 385 966 101 
98 1044 449 829 861 512 1154 250 
1223 902 349 669 711 418 960 120 
839 438 1064 156 184 1155 542 898 
166 1005 322 699 704 463 1140 352 
624 213 753 903 912