982 492 376 729 103 1043 563 1103 
467 07 665 958 1022 655 77 571 
965 1235 16 375 377 1234 659 1083 
1231 829 300 663 682 377 950 79 
1151 871 290 685 621 335 908 97 
916 574 1185 240 340 00 625 392 
1036 1243 582 855 871 571 55 516 
901 380 932 1217 1207 949 507 998 
176 902 258 525 1124 317 1001 278 
810 1051 1014 98 775 420 1084 926 
16 831 258 684 636 342 918 50 
98 1034 427 794 813 457 1095 189 
1214 883 317 623 654 353 892 52 
822 411 1024 104 121 1085 469 825 
143 972 278 644 639 392 1066 277 
596 176 706 847 848