92 760 530 753 1243 810 226 685 
988 444 989 1140 1050 536 1085 234 
411 618 545 756 580 13 540 850 
853 413 1049 17 1090 580 978 1219 
923 627 1232 240 1225 716 1090 121 
793 445 1001 1182 1089 529 949 546 
969 1168 453 611 455 1204 492 784 
852 313 809 989 829 395 1028 108 
434 1054 283 408 867 1186 523 979 
960 1076 889 1059 331 1103 430 218 
40 709 1211 201 1239 828 86 434 
1238 759 1208 127 1231 768 105 436 
976 470 955 1065 938 541 1039 195 
474 1140 314 462 335 1209 554 906 
957 373 759 964 829 497 1129 330 
93 776 1156 1156 1042