161 1025 1048 323 1146 1041 752 204 
665 287 1070 286 565 431 75 760 
931 05 137 659 886 755 435 1081 
988 611 156 667 913 886 493 1122 
741 468 1193 469 625 619 236 941 
394 54 715 1143 196 121 1030 1064 
454 670 62 452 653 591 335 1049 
300 1048 410 807 964 915 705 177 
735 330 1093 305 1122 531 156 837 
247 628 778 95 1029 915 522 501 
866 601 255 963 1216 1179 682 1166 
1140 1032 697 146 503 405 1188 339 
1212 1117 857 274 653 599 01 433 
1018 860 536 1217 310 248 984 103 
511 342 1193 624 903 858 384 869 
1104 921 467 879 1122