800 341 265 666 93 1085 652 1229 
223 1039 484 828 951 644 120 660 
656 944 1007 166 232 1159 648 1125 
862 469 1214 374 460 232 879 69 
733 456 1143 329 332 126 778 34 
465 123 750 1093 04 991 444 281 
567 777 131 440 511 280 1087 365 
426 1161 481 799 838 640 263 816 
31 792 193 515 1171 417 1146 457 
702 985 1003 151 893 595 52 1172 
1204 820 312 813 839 603 1215 365 
88 1084 552 1005 1102 800 215 569 
07 992 507 901 1009 758 68 481 
914 571 14 426 513 273 927 35 
275 1169 549 987 1045 839 284 751 
760 400 995 1198 03