459 44 27 501 12 1090 737 132 
1035 635 134 550 765 556 126 745 
120 431 537 1014 1176 964 560 1130 
238 1105 632 1103 35 1176 693 1238 
38 1014 475 966 1061 974 500 1119 
972 632 30 425 672 521 94 43 
1049 13 640 998 1147 1017 683 68 
900 393 988 104 214 104 1075 475 
995 557 25 429 1177 514 73 698 
470 813 910 157 1009 812 348 275 
1042 730 319 940 1093 964 398 840 
07 1090 675 19 257 61 785 1161 
13 1099 744 40 292 141 746 1167 
1002 767 342 901 1123 973 418 781 
435 186 940 260 434 310 1046 273 
978 719 175 491 646