82 953 984 272 1110 1021 748 216 
569 196 986 213 508 392 54 756 
819 1145 33 565 808 695 396 1061 
861 485 34 554 814 808 436 1086 
603 330 1059 343 512 525 163 890 
249 1159 573 1009 74 17 946 1000 
305 522 1167 314 527 481 244 977 
150 899 265 669 837 803 609 98 
666 268 1041 267 1100 528 170 865 
185 575 737 71 1025 932 557 550 
816 561 230 958 1235 1223 745 1241 
1104 1008 692 167 554 483 32 442 
1192 1113 876 322 735 708 124 559 
1014 875 576 38 413 377 1124 245 
523 373 1249 708 1017 993 530 1018 
1130 966 534 970 1238