257 846 524 649 1046 532 1136 297 
18 648 1094 1133 932 323 799 1144 
828 968 796 880 572 1139 327 572 
167 931 228 309 1224 572 860 1022 
374 56 589 710 267 840 1083 17 
346 1238 487 539 268 780 1054 540 
578 766 1246 40 973 304 696 870 
477 1172 362 440 143 812 58 273 
516 1048 176 199 563 806 87 504 
953 967 665 720 1145 594 1126 887 
1188 491 864 982 672 196 670 1004 
1040 436 750 795 555 35 598 924 
693 60 414 405 189 991 218 624 
122 667 969 1009 800 374 949 49 
554 1109 135 242 34 904 261 707 
904 236 519 433 251