1086 575 432 753 93 1001 494 1012 
611 132 764 1024 1050 644 34 502 
1150 157 166 491 450 13 648 1041 
208 1048 502 833 806 450 978 69 
162 1129 535 900 791 451 974 121 
1200 857 206 485 542 150 724 448 
83 288 865 1113 1090 743 180 599 
1201 677 1216 228 184 1134 651 1102 
256 957 283 515 1078 238 896 153 
864 1076 1003 46 683 294 934 760 
40 821 204 583 491 164 720 1092 
88 985 329 644 618 231 854 1194 
1172 797 180 434 420 93 619 1028 
751 296 860 1141 1118 806 179 534 
48 835 97 419 378 107 769 1228 
483 24 515 618 588