748 297 231 644 85 1091 670 08 
155 977 432 788 927 636 127 678 
572 865 935 106 188 1134 640 1131 
763 372 1123 294 396 188 855 61 
622 346 1037 233 252 66 738 12 
345 04 634 987 1163 919 392 247 
443 653 12 330 414 201 1025 321 
301 1037 361 688 739 556 195 764 
1239 759 172 507 1178 438 1179 500 
669 963 994 158 918 636 105 1233 
1183 812 320 841 887 667 39 445 
80 1091 579 1054 1173 887 310 667 
13 1016 552 970 1099 863 179 593 
933 608 72 507 614 387 1047 156 
306 1217 616 1075 1150 957 407 875 
799 455 1068 39 109