706 261 203 626 78 1095 684 30 
101 927 389 755 905 627 130 692 
504 800 877 56 151 1112 631 1135 
684 294 1049 228 344 151 833 54 
533 257 952 155 186 16 705 1244 
250 1159 542 902 1089 861 349 219 
344 555 1167 241 336 136 975 285 
201 938 266 599 660 488 141 722 
1204 731 152 499 1182 454 1205 533 
642 943 985 163 937 667 146 31 
1165 803 324 861 924 716 97 509 
73 1095 599 1092 1229 955 386 744 
17 1033 586 1023 1170 946 267 682 
947 636 117 571 695 478 1143 252 
329 04 669 1144 1233 1050 506 975 
829 499 1125 110 193