1196 658 483 766 67 939 401 894 
767 265 865 1084 1064 616 1219 409 
108 347 327 609 517 29 620 979 
465 46 725 1016 933 517 992 43 
462 175 813 1140 974 569 1034 134 
280 1185 519 763 765 311 825 499 
428 631 1193 159 88 933 313 682 
302 1022 296 528 441 92 807 1212 
336 1007 296 487 1009 132 761 1247 
913 1089 973 1218 559 133 747 557 
53 792 124 448 307 1195 480 842 
62 911 198 454 378 1209 567 903 
1107 682 07 202 141 1034 299 706 
654 148 657 883 817 478 1090 193 
1175 664 1125 150 70 1024 423 879 
339 1088 284 345 281