164 803 540 726 1181 717 109 548 
1102 532 1041 1152 1019 469 989 117 
576 760 653 818 593 1231 473 757 
1071 615 1222 142 1157 593 947 1157 
1188 886 217 429 100 778 1102 94 
1093 742 30 167 12 637 1001 556 
39 234 750 870 657 96 580 827 
1177 633 1109 04 1047 560 1142 180 
475 1063 255 342 765 1054 369 809 
969 1048 818 945 179 922 231 08 
14 640 1094 37 1037 600 1093 186 
1175 650 1048 1169 985 500 1077 155 
881 327 762 826 663 246 736 1141 
352 972 100 205 46 900 237 588 
815 189 532 699 536 185 807 06 
1187 581 924 890 750