789 332 259 662 91 1086 655 1235 
210 1026 474 820 946 642 122 663 
639 929 993 154 223 1154 646 1126 
842 450 1196 358 447 223 874 67 
711 434 1122 310 316 114 770 30 
441 99 727 1072 1236 977 434 275 
542 752 107 418 492 265 1074 356 
401 1136 457 777 818 623 250 805 
23 786 189 513 1172 421 1152 466 
696 981 1001 152 898 604 62 1184 
1200 819 314 819 849 616 1230 381 
87 1086 558 1015 1116 817 234 588 
09 997 516 915 1027 779 90 503 
918 578 25 442 534 296 951 59 
281 1179 562 1005 1066 863 309 776 
768 411 1010 1217 25