630 195 151 590 61 1098 705 66 
03 837 312 694 865 609 133 713 
384 685 771 1217 84 1069 613 1138 
543 156 919 112 249 84 793 37 
376 101 801 17 70 1177 644 1208 
82 992 380 751 959 755 272 167 
171 383 1000 85 198 21 885 219 
26 765 98 442 519 368 43 646 
1141 679 116 481 1185 478 1246 589 
591 906 966 166 965 718 214 112 
1130 785 328 892 983 800 197 617 
56 1099 629 1154 72 1072 515 879 
20 1059 641 1113 42 1089 421 837 
969 682 193 680 833 637 60 421 
366 66 759 14 128 1213 678 1149 
880 572 1224 234 338