211 827 538 696 1124 637 11 437 
1182 590 1071 1149 985 407 907 19 
695 860 724 853 590 1195 411 677 
1232 763 94 225 1194 590 913 1100 
139 1080 391 563 183 813 1099 64 
73 969 240 341 134 708 1031 554 
284 476 977 1064 805 196 638 851 
177 878 89 205 1208 679 1222 227 
498 1061 224 282 677 945 244 673 
967 1016 754 847 54 776 72 1092 
1234 577 994 1152 874 419 903 1241 
1118 557 917 1002 792 290 860 1187 
799 210 607 637 449 17 501 907 
251 837 1179 04 1071 662 1242 343 
699 42 354 493 308 1194 559 1006 
1061 427 741 684 524