945 462 355 718 103 1054 584 1132 
417 1213 629 933 1010 655 88 592 
901 1175 1214 333 349 1221 659 1094 
1154 754 231 605 638 349 938 79 
1064 785 208 611 563 293 883 86 
822 479 1093 158 271 1198 589 371 
938 1145 487 769 796 511 11 486 
801 282 838 1130 1130 885 457 961 
148 881 247 526 1137 340 1033 317 
789 1039 1014 112 803 460 1132 980 
06 832 272 714 682 399 982 118 
98 1047 456 841 876 531 1174 270 
1226 909 359 684 730 440 982 143 
844 447 1077 173 205 1178 566 922 
173 1016 337 717 725 486 1164 377 
633 225 769 922 934