215 829 537 692 1118 629 01 426 
1190 595 1073 1148 981 401 898 09 
707 869 731 856 589 1191 405 669 
1248 778 106 232 1198 589 909 1094 
159 1099 408 576 190 816 1098 60 
96 992 261 358 146 715 1033 553 
308 500 1000 1083 820 205 643 853 
202 902 112 225 1224 691 1230 231 
500 1061 221 275 668 934 231 659 
966 1013 747 837 41 761 56 1075 
1231 570 984 1138 858 400 883 1222 
1112 547 903 985 772 269 838 1166 
791 198 591 618 428 1244 478 883 
241 823 1162 1234 1049 638 1218 318 
687 27 336 472 286 1169 534 981 
1048 411 723 663 501