1128 764 817 134 1008 960 728 233 
323 1210 768 22 354 282 1240 736 
533 865 1016 322 600 534 286 1000 
541 167 976 266 560 600 282 984 
257 1234 720 22 224 282 1222 752 
1136 796 217 670 1016 1000 728 833 
1183 150 804 1218 209 201 08 788 
1024 527 1152 323 517 517 363 1144 
483 102 900 158 1032 504 190 924 
22 431 622 1244 997 957 630 662 
679 448 151 927 15 65 887 167 
1001 935 662 198 660 660 256 688 
1129 1088 903 423 923 969 423 869 
993 897 658 198 660 692 222 598 
541 438 125 907 41 77 895 141 
1182 1065 690 1190 271