310 852 479 551 900 347 921 61 
131 713 1101 1079 821 166 608 929 
1016 1111 878 889 511 1023 170 387 
441 1170 408 405 1234 511 749 876 
734 396 878 909 363 849 1029 1169 
772 407 863 828 448 862 1061 495 
1041 1223 415 380 1212 447 761 876 
952 385 788 800 417 1000 171 326 
522 1003 76 44 361 568 1072 223 
909 865 501 498 875 291 802 553 
1091 330 636 693 338 1084 292 622 
893 222 469 454 170 875 177 502 
504 1055 93 28 1022 550 1018 174 
1151 383 625 613 366 1168 482 832 
309 807 1028 1089 846 443 1040 233 
642 1173 158 30 1066