619 186 143 585 58 1098 707 71 
1238 824 300 685 859 606 134 715 
367 668 756 1204 74 1063 610 1138 
523 136 900 95 236 74 787 34 
354 79 780 1247 53 1164 635 1203 
58 968 356 730 940 740 260 159 
146 358 976 63 178 04 872 210 
00 740 74 420 499 351 28 635 
1131 671 111 478 1185 481 02 597 
583 900 963 167 969 725 224 123 
1125 782 328 896 991 811 211 632 
53 1099 632 1163 85 1088 534 898 
20 1062 649 1125 59 1110 443 860 
972 689 204 695 853 659 84 445 
372 75 772 30 149 1236 702 1174 
887 582 1238 251 359