551 126 95 551 40 1096 722 99 
1152 745 230 629 821 587 132 730 
262 568 663 1124 13 1023 591 1136 
401 17 786 1243 151 13 749 16 
219 1194 650 1128 1201 1084 579 1169 
1165 824 217 600 826 647 190 111 
1247 210 832 1178 59 1154 793 150 
1100 591 1181 285 377 246 1192 567 
1074 624 76 459 1184 497 34 642 
537 865 943 165 988 765 279 190 
1091 762 327 918 1038 879 293 723 
35 1098 653 1211 162 1186 643 1012 
19 1080 692 1198 160 1231 573 992 
987 724 265 785 970 794 227 589 
401 124 845 130 272 126 850 73 
928 642 69 355 483