1238 866 908 210 1064 995 741 226 
456 87 886 126 438 343 27 749 
686 1015 1159 453 713 622 347 1035 
712 337 1141 420 697 713 366 1040 
442 169 901 194 378 413 76 828 
80 990 407 851 1181 1143 846 924 
131 348 998 153 379 351 135 890 
1224 725 96 508 688 670 496 04 
582 192 977 218 1071 519 182 895 
111 510 686 38 1014 946 594 605 
754 511 196 947 03 19 814 75 
1058 977 681 185 607 569 139 559 
1165 1104 892 373 826 832 265 705 
1007 888 617 116 531 525 37 410 
534 406 60 803 1146 1150 701 1192 
1156 1014 609 1075 121