36 723 516 763 28 867 302 773 
901 376 944 1123 1061 574 1144 310 
291 511 461 702 561 25 578 907 
697 266 921 1170 1032 561 989 04 
736 444 1064 101 1128 662 1073 131 
584 237 806 1014 961 445 904 532 
748 948 245 428 308 1097 424 747 
627 92 600 802 673 275 941 52 
398 1040 293 446 930 21 624 1092 
945 1087 929 1129 429 1221 563 359 
50 748 33 307 123 981 250 603 
23 826 61 265 146 950 296 628 
1034 561 1083 1226 1125 744 1248 405 
551 1249 457 637 533 172 773 1126 
1049 495 911 1144 1031 713 102 555 
197 906 63 87 1243