288 1141 1148 403 1200 1067 751 179 
822 436 1205 401 654 489 102 759 
1117 185 307 811 1012 848 493 1107 
1198 819 357 852 1072 1012 582 1176 
970 697 166 678 810 771 351 1021 
635 295 951 116 397 291 1165 1164 
702 917 303 681 861 771 484 1165 
550 46 651 1036 1174 1101 862 304 
847 429 1174 362 1151 530 127 784 
344 710 840 128 1028 879 455 412 
945 661 289 962 1173 1097 569 1035 
1194 1063 696 102 409 268 1025 164 
1239 1116 818 184 509 412 1043 220 
1017 828 462 1092 132 31 749 1115 
485 283 1093 477 711 631 139 621 
1056 842 350 721 926