717 270 210 631 80 1094 681 25 
114 940 400 764 911 629 130 689 
521 816 891 69 161 1117 633 1134 
704 314 1068 245 357 161 839 56 
555 279 973 174 203 29 714 1249 
274 1183 565 923 1108 875 360 226 
369 580 1191 263 356 152 988 294 
226 963 290 621 680 505 154 733 
1213 738 157 501 1181 450 1198 525 
649 948 988 162 932 660 135 19 
1170 806 323 856 915 704 83 493 
75 1095 594 1083 1215 938 367 725 
16 1028 577 1010 1152 925 245 660 
944 629 106 555 675 455 1119 228 
323 1245 656 1127 1212 1027 481 950 
822 488 1111 92 172