108 977 1006 290 1122 1028 750 212 
602 227 1014 238 527 405 61 758 
857 1182 67 596 834 715 409 1068 
903 527 75 592 847 834 455 1098 
649 376 1104 385 550 556 188 908 
297 1207 621 1054 115 51 974 1022 
355 571 1215 360 569 518 275 1001 
200 949 313 715 879 841 642 124 
689 289 1059 280 1108 529 166 856 
206 593 751 79 1026 927 545 534 
833 575 239 960 1229 1209 724 1216 
1116 1016 694 161 537 458 01 408 
1199 1115 870 307 708 672 83 517 
1016 870 563 15 379 334 1077 198 
519 363 1231 680 979 948 481 969 
1121 951 512 940 1200