326 1175 1176 425 1214 1073 749 170 
869 479 1244 434 679 505 108 757 
1171 239 357 856 1048 874 509 1113 
10 881 416 906 1119 1048 607 1190 
1038 765 232 741 864 816 384 1043 
708 367 1022 182 456 341 1204 1192 
777 991 375 749 923 825 527 1199 
625 121 724 1104 1236 1155 909 342 
880 458 1197 378 1158 528 117 767 
373 734 856 136 1026 866 434 384 
967 678 297 959 1158 1070 534 994 
1209 1070 693 86 378 225 974 111 
1245 1114 804 155 464 355 980 155 
1015 816 438 1052 77 1216 678 1044 
475 263 1062 431 652 563 66 546 
1041 817 313 672 867