294 853 499 590 957 418 1003 150 
93 693 1103 1103 865 227 681 1011 
950 1062 852 891 538 1069 231 458 
343 1086 346 375 1235 538 793 933 
603 274 776 841 333 851 1053 1208 
616 254 727 726 386 836 1063 515 
871 1055 262 258 1128 398 741 877 
777 215 632 669 319 934 133 310 
523 1023 116 104 438 658 1172 328 
929 906 565 583 977 405 923 677 
1130 392 723 802 463 1219 432 764 
950 304 575 581 313 1027 333 658 
576 1152 213 168 1176 713 1185 340 
1235 490 753 760 526 87 654 1004 
401 920 1161 1239 1007 613 1213 407 
740 40 292 179 1227