1224 853 897 200 1057 991 740 227 
439 72 871 113 428 335 22 748 
667 997 1141 437 699 611 339 1031 
691 316 1120 401 680 699 356 1033 
419 146 878 173 359 397 63 818 
56 965 384 828 1160 1125 831 913 
107 324 973 130 358 333 120 877 
1199 701 72 485 667 651 479 1240 
569 181 968 211 1066 518 183 899 
100 500 678 33 1013 948 599 612 
745 503 191 945 05 26 824 87 
1051 972 679 187 614 581 154 575 
1161 1102 894 380 839 849 285 725 
1005 890 623 126 547 546 60 434 
535 410 69 817 1165 1172 725 1217 
1160 1021 619 1089 140