121 778 536 744 1221 775 182 633 
1033 480 1011 1147 1040 512 1050 190 
476 674 589 782 587 03 516 815 
938 492 1117 67 1118 587 968 1197 
1026 728 74 314 25 742 1097 112 
909 559 1109 24 1157 573 971 552 
1092 39 567 712 534 10 528 802 
977 436 925 1092 914 460 1073 137 
451 1059 274 385 829 1137 465 915 
965 1067 863 1017 274 1034 355 138 
32 685 1167 139 1163 741 1243 339 
1215 719 1148 48 1137 665 1249 328 
941 416 882 974 833 428 923 79 
428 1076 232 364 224 1090 432 784 
903 303 672 862 717 377 1005 206 
34 702 1067 1054 930