1118 600 448 758 87 985 469 979 
657 172 795 1043 1056 638 17 477 
1211 213 214 527 471 20 642 1025 
282 1120 567 887 844 471 984 63 
248 1214 615 970 845 487 993 126 
45 951 296 565 607 198 755 464 
181 386 959 1198 1162 799 220 624 
51 775 61 314 258 1195 697 1134 
280 973 288 509 1060 210 859 109 
880 1081 996 26 649 250 882 703 
46 814 183 546 440 103 653 1021 
82 965 293 591 551 154 773 1111 
1155 766 132 369 341 05 528 936 
724 255 803 1068 1032 713 82 436 
14 788 34 343 291 12 670 1128 
443 1222 450 541 500