574 146 111 563 47 1097 717 90 
1181 771 254 648 834 594 133 725 
297 601 695 1151 33 1036 598 1137 
442 57 824 27 180 33 762 23 
264 1239 693 1168 1235 1111 598 1181 
1213 872 263 643 864 679 214 127 
47 259 880 1223 99 1187 819 170 
1150 641 1229 330 418 281 1221 590 
1094 640 88 466 1185 492 24 627 
552 877 950 166 982 752 261 168 
1103 769 328 911 1023 857 266 693 
42 1099 647 1195 137 1154 606 974 
20 1074 678 1174 127 1191 530 948 
982 713 245 755 931 749 180 541 
391 108 821 97 231 79 801 24 
914 622 42 321 441