641 205 158 596 64 1097 702 61 
17 850 323 703 871 612 133 710 
401 702 787 1230 94 1076 616 1137 
563 176 937 129 263 94 799 40 
399 123 823 37 87 1190 653 1214 
106 1015 403 773 977 771 283 174 
195 407 1023 107 218 38 898 229 
51 789 122 465 539 385 57 657 
1150 687 122 484 1185 475 1241 582 
598 912 969 166 961 711 205 101 
1135 788 328 888 975 788 183 602 
59 1099 625 1146 59 1055 497 860 
20 1055 634 1100 25 1069 399 815 
966 676 183 664 814 614 36 397 
361 57 746 1247 108 1190 653 1124 
873 562 1210 216 317