1017 521 396 738 101 1030 541 1074 
516 50 699 982 1033 653 64 549 
1027 43 67 415 403 1245 657 1070 
57 903 368 721 725 403 961 77 
1238 958 372 757 679 375 932 106 
1011 668 25 322 408 51 659 412 
1135 92 676 942 945 629 98 545 
1001 479 1027 54 33 1011 556 1033 
204 921 267 523 1110 292 967 237 
829 1060 1012 82 746 379 1035 872 
26 829 242 651 589 284 853 1231 
96 1019 395 745 749 382 1015 108 
1201 856 272 561 577 267 801 1211 
800 374 971 34 37 992 373 728 
113 927 219 569 552 297 967 178 
559 126 643 771 761