132 785 537 740 1211 761 164 612 
1051 493 1019 1148 1035 501 1035 172 
501 696 605 791 589 1248 505 801 
971 523 1144 86 1128 589 963 1187 
1066 767 110 343 44 751 1098 108 
955 605 1152 60 1184 589 979 553 
1141 88 613 751 565 32 541 809 
1027 485 971 1132 947 485 1091 148 
457 1061 270 375 814 1117 441 889 
966 1063 853 999 251 1007 324 106 
28 674 1149 114 1131 706 1206 301 
1206 702 1123 16 1099 624 1206 285 
926 395 853 937 791 383 876 32 
409 1051 200 325 180 1043 383 735 
881 275 638 822 672 329 955 156 
10 672 1031 1013 885