1094 581 436 754 92 997 488 1004 
622 142 772 1029 1051 643 30 496 
1166 171 178 500 455 15 647 1037 
226 1066 518 847 816 455 979 68 
183 1150 555 918 805 460 979 122 
1224 880 228 505 558 162 732 452 
107 312 888 1134 1108 757 190 605 
1226 701 1240 249 202 1150 662 1110 
262 961 284 514 1074 231 887 142 
868 1077 1002 41 674 283 921 746 
42 819 199 574 479 149 704 1074 
87 980 320 631 601 212 834 1173 
1168 790 168 418 401 71 597 1005 
744 286 846 1123 1096 783 155 509 
39 823 81 400 356 84 745 1203 
473 12 499 599 566