1173 642 473 764 74 953 422 920 
735 238 845 1073 1063 623 1234 430 
64 308 294 586 504 27 627 993 
411 1243 679 978 907 504 991 50 
398 112 754 1090 936 546 1023 132 
209 1114 452 704 719 278 805 489 
354 557 1122 96 35 894 286 666 
226 948 225 464 387 48 775 1189 
320 998 294 495 1025 156 791 31 
904 1088 981 1236 587 169 788 601 
52 799 143 478 348 1243 533 896 
69 928 227 496 431 18 629 965 
1123 708 45 252 201 1101 368 775 
676 181 701 939 882 549 1162 266 
1202 702 1174 208 137 1096 497 954 
371 1129 334 404 347