423 12 00 481 00 1087 741 143 
990 593 96 520 742 543 122 749 
66 379 488 971 1142 940 547 1127 
176 1044 573 1050 1241 1142 670 1226 
1220 946 409 905 1008 931 470 1099 
900 560 1209 359 613 472 56 16 
975 1189 568 930 1086 965 641 36 
825 319 916 36 152 50 1030 439 
964 531 04 416 1173 519 86 717 
444 792 897 153 1014 828 372 305 
1022 717 314 947 1112 994 436 882 
1245 1086 681 38 292 107 837 1216 
09 1104 761 73 340 200 810 1232 
1007 781 369 943 1179 1039 489 852 
447 208 974 307 494 379 1120 347 
996 746 213 541 706