188 816 540 712 1154 678 61 493 
1143 562 1057 1152 1003 439 949 69 
636 811 690 837 593 1214 443 718 
1152 690 34 185 1177 593 931 1130 
39 983 305 497 143 797 1102 80 
1208 856 135 255 74 674 1017 556 
161 355 864 967 732 147 610 840 
52 755 1224 105 1128 620 1183 204 
487 1063 241 313 722 1001 307 742 
969 1033 787 897 117 850 152 1175 
00 610 1045 1220 956 510 998 89 
1148 605 983 1086 889 395 969 47 
841 269 686 732 557 132 619 1024 
302 905 15 105 1184 781 115 466 
758 116 444 596 422 64 683 1131 
1124 504 833 787 637