277 851 513 621 1003 476 1070 224 
57 672 1100 1120 900 276 741 1078 
891 1017 826 888 557 1106 280 516 
257 1010 289 344 1232 557 828 979 
490 166 684 778 302 848 1070 1239 
481 122 608 634 329 810 1060 529 
724 911 130 150 1052 353 720 875 
627 68 497 556 233 875 97 293 
521 1037 148 153 502 733 05 417 
943 938 616 653 1062 500 1025 783 
1160 443 795 893 568 83 552 885 
996 371 664 689 434 1157 466 791 
636 1232 315 287 58 852 77 482 
54 580 862 885 663 231 801 1151 
478 1015 24 116 1146 758 112 557 
823 139 406 306 114