308 853 482 557 908 358 933 73 
126 710 1102 1083 827 175 618 941 
1007 1104 874 890 516 1030 179 398 
428 1159 399 401 1234 516 755 884 
715 379 864 900 359 850 1033 1175 
750 385 844 814 439 858 1062 498 
1017 1199 393 363 1201 440 758 877 
927 361 766 781 404 991 166 324 
522 1006 82 53 372 581 1087 238 
912 871 510 510 889 308 820 571 
1097 339 649 709 356 1103 312 642 
902 234 484 472 190 897 199 524 
515 1069 111 48 1044 573 1042 198 
1163 399 643 634 389 1192 507 856 
322 823 1047 1111 869 467 1064 258 
656 1190 177 51 1089