56 736 521 760 17 848 277 744 
931 399 960 1130 1058 562 1125 285 
331 548 490 721 568 22 566 888 
749 315 965 1203 1052 568 986 1243 
798 506 1120 148 1161 681 1080 128 
654 306 871 1070 1005 474 920 537 
822 1021 314 490 357 1134 447 760 
702 166 670 864 725 315 971 72 
410 1045 290 434 910 1243 591 1055 
951 1084 916 1106 397 1182 519 313 
48 736 10 272 79 931 195 547 
12 804 27 219 92 890 232 564 
1015 531 1041 1173 1063 677 1179 335 
526 1213 410 579 467 101 700 1053 
1019 455 861 1084 964 641 27 480 
163 863 11 27 1176