447 34 18 495 08 1089 738 136 
1020 621 121 540 757 552 125 746 
102 414 520 1000 1165 956 556 1129 
217 1085 612 1085 20 1165 685 1234 
15 991 453 946 1043 960 490 1113 
948 608 06 403 652 504 81 34 
1024 1238 616 975 1127 1000 669 58 
875 368 964 81 193 86 1060 463 
985 548 18 424 1176 516 77 704 
462 806 906 156 1011 817 356 285 
1035 726 318 943 1100 974 411 854 
03 1089 677 25 269 77 802 1179 
12 1101 750 51 308 160 767 1189 
1004 772 351 915 1142 995 441 805 
439 194 951 276 454 333 1071 297 
984 728 188 508 666