314 851 472 539 883 327 897 35 
142 718 1100 1071 807 148 586 905 
1034 1124 884 888 503 1009 152 367 
469 1194 424 412 1232 503 735 859 
771 431 907 928 370 848 1021 1157 
817 450 902 857 464 868 1060 488 
1090 21 458 415 1236 460 766 875 
1002 434 833 837 445 1018 182 330 
521 996 63 26 339 541 1044 192 
903 852 482 473 845 258 768 517 
1079 311 611 662 302 1045 252 581 
876 198 438 417 129 832 132 457 
483 1027 59 1237 977 504 971 127 
1126 353 588 570 320 1120 433 783 
282 774 990 1047 799 395 990 183 
614 1140 119 1237 1020