69 940 974 264 1104 1018 748 217 
553 181 972 201 498 385 51 756 
800 1127 15 549 794 685 389 1058 
840 464 14 535 798 794 426 1080 
580 307 1036 322 493 509 151 882 
225 1135 550 986 54 1249 932 990 
280 497 1143 291 506 463 229 964 
125 874 241 646 816 784 593 85 
654 257 1032 260 1096 527 172 870 
175 566 730 66 1023 934 562 558 
807 554 225 957 1238 1230 755 03 
1098 1004 691 170 562 496 48 459 
1188 1112 878 330 749 726 144 580 
1014 877 582 49 430 398 1147 268 
525 378 08 722 1035 1016 554 1043 
1134 973 545 985 07