540 116 87 545 37 1096 724 103 
1138 731 219 620 814 584 132 732 
244 551 648 1111 02 1016 588 1136 
381 1247 767 1225 137 02 742 13 
196 1172 628 1108 1183 1071 570 1163 
1141 800 193 578 807 632 179 103 
1223 185 808 1156 39 1137 779 140 
1075 567 1157 262 357 228 1178 556 
1065 616 70 455 1183 500 39 649 
528 859 939 165 991 771 288 201 
1085 758 326 921 1045 890 306 737 
32 1097 656 1218 174 1202 661 1030 
18 1083 699 1210 177 01 595 1014 
989 730 275 800 989 817 251 613 
405 132 858 146 292 149 874 98 
934 652 83 372 503