219 831 536 689 1112 620 1241 414 
1197 600 1076 1147 977 394 889 1249 
718 879 737 859 588 1187 398 660 
13 792 118 240 1201 588 905 1088 
178 1118 425 588 198 819 1097 57 
119 1014 282 375 158 721 1036 552 
333 525 1022 1102 834 215 648 855 
227 927 135 244 1239 702 1237 235 
502 1060 217 269 659 923 218 645 
965 1009 740 827 28 747 40 1058 
1227 564 973 1124 841 382 864 1202 
1106 538 890 968 753 248 817 1144 
782 186 576 598 406 1221 454 860 
230 809 1145 1213 1026 614 1193 294 
675 12 318 452 263 1145 509 957 
1035 395 705 642 479