1102 588 440 756 90 993 482 996 
634 152 780 1034 1053 641 25 490 
1181 185 190 509 461 17 645 1033 
245 1084 534 860 825 461 981 66 
205 1172 575 935 818 469 984 124 
1247 904 251 525 574 174 740 456 
132 337 912 1156 1126 771 200 612 
01 726 13 271 221 1165 674 1118 
268 965 285 512 1069 224 877 131 
872 1079 1000 36 666 272 908 732 
43 818 194 564 466 134 687 1057 
86 975 311 618 584 193 813 1152 
1163 782 156 401 381 49 574 982 
738 276 832 1104 1075 759 131 485 
31 812 66 381 335 60 720 1178 
463 1248 483 579 544