312 852 475 545 892 337 909 48 
137 716 1101 1075 814 157 597 917 
1025 1118 881 889 507 1016 161 377 
455 1182 416 409 1233 507 742 868 
752 414 893 919 367 849 1025 1163 
795 429 882 843 456 865 1061 491 
1066 1247 437 398 1224 454 764 876 
977 410 811 818 431 1009 177 328 
521 1000 70 35 350 555 1058 207 
906 859 491 485 860 275 785 535 
1085 320 623 678 320 1064 272 601 
885 210 453 435 149 853 155 480 
494 1041 76 08 1000 527 995 150 
1138 368 606 592 343 1144 458 807 
295 791 1009 1068 822 419 1015 208 
628 1157 138 09 1043