879 408 315 696 101 1071 618 1179 
328 1133 564 886 985 652 106 626 
788 1069 1119 257 297 1195 656 1111 
1019 623 108 499 557 297 913 77 
910 632 62 481 457 217 836 64 
655 313 934 12 148 1103 524 331 
765 973 321 616 665 405 1181 432 
626 109 671 976 995 772 368 895 
95 842 224 523 1155 379 1088 384 
751 1016 1012 133 848 525 1213 1071 
1234 829 294 763 758 496 1093 235 
96 1067 504 920 984 658 61 410 
1243 950 431 787 861 589 1140 301 
879 507 1166 293 350 89 735 1092 
223 1089 438 845 875 651 87 551 
694 308 876 1052 1084