869 399 309 692 100 1073 622 1185 
315 1122 554 879 981 652 108 630 
772 1054 1106 246 289 1191 656 1113 
999 603 90 483 545 289 909 76 
888 610 41 462 441 206 829 60 
631 290 911 1241 130 1090 514 325 
740 949 298 594 645 390 1170 423 
601 84 647 954 975 756 355 885 
87 836 221 522 1157 384 1095 393 
745 1013 1011 135 854 534 1225 1084 
1231 828 296 770 768 510 1108 251 
95 1070 510 931 999 676 80 430 
1245 956 441 802 880 610 1162 323 
883 515 1179 310 370 112 759 1116 
229 1100 452 863 896 675 112 576 
702 320 891 1070 1105