299 853 493 579 941 398 980 124 
104 699 1103 1097 853 210 660 988 
970 1077 860 891 531 1056 214 438 
372 1110 364 384 1235 531 781 917 
641 309 806 861 342 851 1047 1197 
661 298 766 756 404 844 1063 509 
919 1103 306 293 1152 413 747 877 
827 263 677 707 348 954 144 315 
523 1018 105 87 417 632 1144 298 
924 895 547 559 948 373 889 642 
1119 375 699 771 427 1180 392 723 
934 281 545 545 272 984 288 613 
556 1124 179 128 1132 667 1137 293 
1211 460 717 718 481 38 605 955 
375 888 1123 1196 961 564 1164 357 
712 07 254 137 1181