316 851 469 533 875 316 885 22 
147 720 1099 1067 800 139 575 893 
1043 1130 887 887 498 1001 143 356 
482 1205 432 416 1231 498 728 851 
789 448 921 937 374 847 1017 1151 
839 472 921 871 472 871 1059 485 
1114 45 480 432 1247 466 768 875 
1027 458 855 855 458 1027 187 332 
520 993 57 17 327 528 1029 177 
900 846 472 460 830 242 750 499 
1073 302 598 646 284 1025 232 561 
868 186 422 398 108 810 110 435 
472 1013 41 1217 955 480 947 103 
1114 337 569 549 297 1096 409 758 
268 758 971 1025 776 370 965 158 
599 1123 100 1216 997