548 62 957 579 1189 333 70 588 
62 1149 236 1102 1150 180 1149 78 
349 836 804 531 515 722 184 373 
1165 1036 491 75 75 515 1078 1165 
1099 1094 499 115 33 491 1052 1197 
341 220 772 449 531 788 196 973 
694 1205 228 1078 1078 172 1197 86 
548 38 357 1165 1141 333 102 564 
681 497 1149 854 188 1165 529 697 
94 1039 1044 924 334 402 999 118 
238 474 262 153 87 294 482 174 
636 1048 859 730 730 835 1028 628 
158 494 286 55 67 270 424 148 
54 341 990 862 862 1002 325 1214 
575 487 1083 882 862 1153 513 623 
583 306 712 12 00