758 236 90 419 1029 716 244 798 
315 1075 454 721 769 398 1075 331 
901 1148 1154 239 223 1072 496 925 
17 854 310 656 656 334 896 17 
41 1014 432 817 735 424 972 139 
1152 824 193 497 579 209 800 534 
102 329 932 1206 1206 876 321 744 
28 779 96 382 358 72 843 44 
435 1173 535 800 134 551 1205 451 
990 1237 1203 280 940 561 1197 1014 
102 913 331 743 677 363 921 38 
81 999 369 713 713 345 979 73 
1096 733 134 410 422 118 663 1086 
614 165 739 1037 1037 751 149 524 
1112 651 1169 254 234 1239 677 1160 
259 1050 296 410 398