993 492 363 701 61 989 500 1033 
502 32 677 955 1003 621 32 518 
1026 39 60 403 387 1228 637 1050 
70 915 378 728 728 402 957 70 
16 985 400 783 701 392 943 114 
1051 710 68 364 446 84 686 433 
1185 144 730 995 995 674 136 577 
1059 539 1089 115 91 1065 603 1075 
240 958 304 558 1142 320 990 256 
855 1086 1037 105 765 395 1046 879 
39 841 251 658 592 283 849 1225 
95 1015 387 733 733 363 995 87 
1187 836 247 530 542 231 766 1177 
773 341 931 1239 1239 943 325 683 
75 884 169 515 495 239 910 123 
514 75 587 710 698