1131 642 523 866 226 1149 650 1171 
608 149 805 1089 1137 749 149 624 
1094 115 143 492 476 61 713 1118 
92 939 405 757 757 429 981 92 
1240 956 367 748 666 359 914 88 
980 630 1230 271 353 1246 606 362 
1076 23 599 858 858 543 15 468 
919 387 927 1197 1173 903 451 935 
114 821 156 404 988 172 853 130 
764 984 926 1238 648 284 944 788 
1240 785 189 592 526 221 793 1176 
93 1012 384 730 730 360 992 85 
1231 887 304 590 602 288 817 1221 
860 439 1038 102 102 1050 423 770 
198 1019 314 666 646 384 1045 246 
664 237 759 887 875