1162 676 560 905 265 1186 684 1202 
632 176 834 1119 1167 778 176 648 
1108 131 161 511 495 79 729 1132 
96 944 410 762 762 434 986 96 
1232 948 358 738 656 350 906 80 
962 610 1208 248 330 1224 586 344 
1049 1244 567 825 825 511 1236 441 
885 351 888 1157 1133 864 415 901 
84 787 120 367 951 136 819 100 
741 959 898 1209 619 256 919 765 
1227 771 174 575 509 206 779 1163 
91 1010 382 727 727 358 990 83 
1241 898 316 603 615 300 828 1231 
880 461 1062 127 127 1074 445 790 
226 1050 347 701 681 417 1076 274 
699 275 799 928 916