155 942 845 1202 562 221 950 195 
813 377 1053 99 147 997 377 829 
1211 248 290 647 631 208 846 1235 
111 961 429 783 783 453 1003 111 
1159 864 265 639 557 257 822 07 
807 436 1017 47 129 1033 412 189 
826 998 302 548 548 246 990 218 
609 52 570 828 804 546 116 625 
1082 513 1076 62 646 1092 545 1098 
550 747 667 967 377 25 707 574 
1111 640 29 422 356 61 648 1047 
62 977 345 687 687 321 957 54 
51 966 391 684 696 375 896 41 
1023 621 1239 314 314 01 605 933 
439 35 602 967 947 672 61 487 
968 567 1109 00 1238