1217 736 623 971 331 1249 744 07 
674 222 884 1172 1220 828 222 690 
1133 159 192 544 528 110 757 1157 
102 950 417 770 770 441 992 102 
1219 932 340 719 637 332 890 67 
930 575 1169 206 288 1185 551 312 
1002 1192 511 766 766 455 1184 394 
826 287 819 1086 1062 795 351 842 
30 729 58 302 886 74 761 46 
701 915 850 1159 569 208 875 725 
1204 745 145 545 479 177 753 1140 
87 1006 377 722 722 353 986 79 
06 915 335 624 636 319 845 1246 
913 498 1103 170 170 1115 482 823 
274 1103 405 761 741 475 1129 322 
759 340 868 1000 988