911 402 267 601 1211 893 410 951 
437 1210 599 873 921 543 1210 453 
984 1241 07 347 331 1175 589 1008 
54 896 357 705 705 381 938 54 
27 998 414 798 716 406 956 125 
1089 753 115 414 496 131 729 471 
1246 212 804 1072 1072 748 204 638 
1139 626 1182 212 188 1158 690 1155 
311 1036 388 647 1231 404 1068 327 
905 1142 1098 170 830 456 1102 929 
64 870 283 691 625 315 878 00 
93 1012 384 729 729 360 992 85 
1156 802 209 490 502 193 732 1146 
718 280 865 1169 1169 877 264 628 
01 802 81 423 403 151 828 49 
424 1228 484 604 592