111 894 793 1147 507 169 902 151 
781 341 1014 58 106 958 341 797 
1194 228 268 625 609 186 826 1218 
111 960 429 782 782 453 1002 111 
1174 882 285 660 578 277 840 22 
838 471 1055 87 169 1071 447 220 
869 1046 353 601 601 297 1038 261 
662 109 630 891 867 606 173 678 
1131 565 1133 121 705 1149 597 1147 
588 789 713 1014 424 71 749 612 
1135 667 58 453 387 90 675 1071 
69 986 354 698 698 330 966 61 
42 955 380 671 683 364 885 32 
998 593 1208 281 281 1220 577 908 
401 1243 556 919 899 626 19 449 
919 513 1052 1191 1179