126 910 810 1166 526 186 918 166 
791 353 1027 72 120 971 353 807 
1200 235 275 632 616 193 833 1224 
111 961 429 782 782 453 1003 111 
1169 876 278 653 571 270 834 17 
828 460 1043 73 155 1059 436 210 
855 1030 336 583 583 280 1022 247 
644 90 610 870 846 586 154 660 
1115 548 1114 101 685 1130 580 1131 
575 775 698 999 409 56 735 599 
1127 658 49 443 377 81 666 1063 
67 983 351 694 694 327 963 59 
45 959 384 675 687 368 889 35 
1006 603 1218 292 292 1230 587 916 
414 07 572 935 915 642 33 462 
935 531 1071 1211 1199