1059 563 439 779 139 1065 571 1099 
553 88 738 1019 1067 682 88 569 
1059 76 100 446 430 18 674 1083 
82 927 392 743 743 416 969 82 
04 973 386 768 686 378 931 102 
1018 673 28 321 403 44 649 400 
1134 88 669 931 931 613 80 526 
993 468 1013 37 13 989 532 1009 
181 894 235 487 1071 251 926 197 
813 1039 985 51 711 343 999 837 
17 816 223 628 562 255 824 1203 
95 1015 387 733 733 363 995 87 
1209 861 275 560 572 259 791 1199 
815 388 983 43 43 995 372 725 
134 948 238 586 566 308 974 182 
585 152 668 794 782