801 283 140 470 1080 766 291 841 
350 1113 495 764 812 439 1113 366 
924 1175 1184 270 254 1102 523 948 
28 867 324 671 671 348 909 28 
38 1011 428 813 731 420 969 136 
1135 805 173 475 557 189 781 517 
73 297 897 1170 1170 841 289 715 
1240 737 51 335 311 27 801 06 
401 1135 495 758 92 511 1167 417 
967 1212 1175 250 910 533 1172 991 
93 902 319 730 664 351 910 29 
85 1003 374 719 719 350 983 77 
1114 753 156 433 445 140 683 1104 
644 198 775 1074 1074 787 182 554 
1151 693 1214 302 282 34 719 1199 
305 1100 348 464 452