1018 519 391 730 90 1017 527 1058 
521 53 700 979 1027 644 53 537 
1039 53 75 420 404 1243 651 1063 
75 920 383 734 734 407 962 75 
12 981 395 777 695 387 939 110 
1039 696 53 348 430 69 672 421 
1166 123 707 971 971 651 115 558 
1034 513 1060 86 62 1036 577 1050 
218 934 278 532 1116 294 966 234 
839 1068 1017 85 745 375 1028 863 
31 832 241 647 581 273 840 1217 
95 1015 387 733 733 363 995 87 
1195 846 258 541 553 242 776 1185 
789 359 951 09 09 963 343 699 
97 908 195 542 522 265 934 145 
541 104 617 741 729