1075 581 457 799 159 1083 589 1115 
565 102 753 1035 1083 697 102 581 
1067 85 110 456 440 28 683 1091 
84 930 395 746 746 419 972 84 
01 969 382 763 681 374 927 99 
1010 664 17 310 392 33 640 392 
1121 74 654 915 915 598 66 513 
977 450 994 17 1243 970 514 993 
167 878 218 468 1052 234 910 183 
802 1027 972 37 697 330 987 826 
11 809 216 620 554 248 817 1197 
95 1015 387 732 732 363 995 87 
1214 867 281 567 579 265 797 1204 
825 399 995 56 56 1007 383 735 
148 964 255 604 584 325 990 196 
603 171 688 815 803