141 926 828 1184 544 204 934 181 
802 365 1040 86 134 984 365 818 
1205 241 283 640 624 201 839 1229 
111 961 429 783 783 453 1003 111 
1164 870 272 646 564 264 828 12 
817 448 1030 60 142 1046 424 199 
840 1014 319 566 566 263 1006 232 
627 71 590 849 825 566 135 643 
1099 530 1095 82 666 1111 562 1115 
563 761 683 983 393 41 721 587 
1119 649 39 433 367 71 657 1055 
64 980 348 691 691 324 960 56 
48 962 387 680 692 371 892 38 
1015 612 1229 303 303 1241 596 925 
427 21 587 951 931 657 47 475 
952 549 1090 1231 1219