688 161 11 336 946 637 169 728 
259 1013 387 652 700 331 1013 275 
861 1104 1106 188 172 1024 452 885 
1248 832 286 630 630 310 874 1248 
44 1017 436 821 739 428 975 142 
1177 852 225 531 613 241 828 559 
146 379 986 13 13 930 371 788 
89 845 166 456 432 142 909 105 
487 1231 599 866 200 615 13 503 
1025 27 1246 326 986 604 1237 1049 
117 930 349 763 697 381 938 53 
73 989 359 702 702 335 969 65 
1066 700 97 371 383 81 630 1056 
566 111 681 976 976 693 95 476 
1049 582 1095 178 158 1165 608 1097 
184 970 211 322 310