1099 607 485 828 188 1111 615 1139 
584 122 775 1058 1106 719 122 600 
1078 98 124 472 456 42 696 1102 
88 934 399 751 751 423 976 88 
1246 964 376 757 675 368 922 94 
997 650 01 294 376 17 626 379 
1102 52 631 891 891 575 44 494 
952 423 965 1237 1213 941 487 968 
144 853 191 441 1025 207 885 160 
786 1009 952 16 676 310 969 810 
02 799 205 609 543 237 807 1188 
94 1014 386 731 731 362 994 86 
1222 876 291 577 589 275 806 1212 
840 416 1014 76 76 1026 400 750 
170 987 280 631 611 350 1013 218 
629 200 719 846 834