1170 685 569 914 274 1195 693 1210 
638 183 841 1127 1175 785 183 654 
1112 135 166 516 500 84 733 1136 
97 945 411 763 763 435 987 97 
1230 945 355 735 653 347 903 78 
958 605 1203 242 324 1219 581 340 
1043 1237 559 816 816 503 1229 435 
877 342 878 1147 1123 854 406 893 
76 779 112 358 942 128 811 92 
736 953 892 1202 612 250 913 760 
1224 768 169 571 505 201 776 1160 
91 1010 382 727 727 358 990 83 
1243 900 318 606 618 302 830 1233 
885 466 1068 133 133 1080 450 795 
233 1057 356 709 689 426 1083 281 
708 284 808 939 927