66 845 740 1092 452 116 853 106 
748 304 974 16 64 918 304 764 
1176 207 245 600 584 163 805 1200 
109 958 426 780 780 450 1000 109 
1189 899 304 680 598 296 857 37 
868 505 1092 126 208 1108 481 250 
912 1093 404 654 654 348 1085 304 
714 165 691 953 929 667 229 730 
1179 618 1189 178 762 1205 650 1195 
624 829 757 1061 471 115 789 648 
1157 693 87 484 418 119 701 1094 
76 993 363 707 707 339 973 68 
32 944 367 658 670 351 874 22 
972 564 1176 247 247 1188 548 882 
362 1199 509 870 850 579 1225 410 
869 459 995 1131 1119