1123 633 513 857 217 1139 641 1163 
602 143 798 1081 1129 742 143 618 
1090 111 138 487 471 56 709 1114 
91 938 404 755 755 428 980 91 
1241 958 369 750 668 361 916 89 
984 635 1235 277 359 01 611 366 
1082 31 607 866 866 551 23 474 
927 396 936 1207 1183 912 460 943 
122 829 165 414 998 181 861 138 
769 991 932 1245 655 290 951 793 
1243 789 193 596 530 225 797 1179 
93 1013 385 730 730 361 993 85 
1229 884 301 587 599 285 814 1219 
855 433 1032 95 95 1044 417 765 
191 1011 306 657 637 376 1037 239 
656 228 749 877 865