1232 753 642 990 350 18 761 22 
685 235 898 1187 1235 842 235 701 
1140 167 201 553 537 119 765 1164 
103 952 419 772 772 443 994 103 
1214 927 335 714 632 327 885 62 
921 564 1157 194 276 1173 540 303 
988 1177 495 749 749 439 1169 380 
809 268 800 1066 1042 776 332 825 
15 712 39 283 867 55 744 31 
690 902 836 1144 554 194 862 714 
1197 737 136 536 470 168 745 1133 
86 1004 375 720 720 351 984 78 
11 920 340 629 641 324 850 01 
922 509 1115 182 182 1127 493 832 
288 1118 421 778 758 491 1144 336 
776 359 887 1020 1008