766 246 100 429 1039 726 254 806 
322 1083 462 730 778 406 1083 338 
905 1153 1160 245 229 1078 501 929 
19 857 313 659 659 337 899 19 
40 1013 431 816 734 423 971 138 
1148 820 189 493 575 205 796 530 
96 323 925 1199 1199 869 315 738 
21 771 87 373 349 63 835 37 
428 1165 527 792 126 543 1197 444 
985 1232 1197 274 934 555 1192 1009 
101 911 329 741 675 361 919 37 
82 1000 370 715 715 346 980 74 
1099 738 138 414 426 122 668 1089 
620 171 746 1044 1044 758 155 530 
1120 659 1178 264 244 1248 685 1168 
268 1060 306 421 409