133 918 819 1175 535 195 926 173 
797 359 1033 79 127 977 359 813 
1203 238 279 636 620 197 836 1227 
111 961 429 783 783 453 1003 111 
1167 873 275 650 568 267 831 15 
823 454 1037 67 149 1053 430 205 
848 1022 328 574 574 272 1014 240 
635 80 600 860 836 576 144 651 
1107 539 1105 91 675 1121 571 1123 
569 768 690 991 401 48 728 593 
1123 654 44 438 372 76 662 1059 
66 981 350 693 693 326 961 58 
46 960 386 678 690 370 890 36 
1010 607 1224 297 297 1236 591 920 
420 14 579 943 923 649 40 468 
943 540 1081 1221 1209