740 218 71 398 1008 697 226 780 
301 1060 437 704 752 381 1060 317 
891 1137 1142 227 211 1060 485 915 
13 849 305 650 650 329 891 13 
42 1015 433 818 736 425 973 140 
1158 831 202 506 588 218 807 540 
113 342 945 1221 1221 889 334 755 
44 796 113 401 377 89 860 60 
448 1187 551 817 151 567 1219 464 
999 1247 1214 292 952 572 1207 1023 
106 918 336 748 682 368 926 42 
79 997 367 711 711 343 977 71 
1089 725 125 400 412 109 655 1079 
602 152 725 1022 1022 737 136 512 
1096 634 1150 235 215 1220 660 1144 
240 1030 275 388 376