644 114 1210 284 894 586 122 684 
223 974 344 607 655 288 974 239 
836 1076 1075 155 139 993 424 860 
1235 818 270 613 613 294 860 1235 
45 1019 437 822 740 429 977 143 
1192 869 243 550 632 259 845 574 
173 409 1019 48 48 963 401 815 
126 886 210 502 478 186 950 142 
520 17 638 907 241 654 49 536 
1046 51 22 354 1014 630 11 1070 
125 939 360 773 707 392 947 61 
67 983 351 694 694 327 963 59 
1047 678 73 345 357 57 608 1037 
535 77 644 937 937 656 61 445 
1009 538 1048 129 109 1118 564 1057 
137 919 158 268 256