869 357 218 551 1161 844 365 909 
404 1173 559 832 880 503 1173 420 
961 1216 1229 318 302 1147 564 985 
45 885 345 693 693 369 927 45 
32 1004 420 805 723 412 962 130 
1107 774 138 438 520 154 750 489 
26 245 840 1110 1110 784 237 668 
1178 669 1228 260 236 1204 733 1194 
346 1075 430 690 24 446 1107 362 
929 1169 1128 201 861 486 1129 953 
75 883 297 707 641 329 891 11 
90 1009 381 726 726 357 989 82 
1140 784 189 469 481 173 714 1130 
690 249 831 1133 1133 843 233 600 
1213 761 37 377 357 107 787 11 
379 1179 432 550 538