1115 624 504 847 207 1130 632 1155 
596 136 790 1073 1121 734 136 612 
1086 106 134 482 466 52 704 1110 
90 937 402 754 754 426 979 90 
1243 960 371 752 670 363 918 91 
989 640 1241 282 364 07 616 371 
1089 38 615 874 874 559 30 481 
936 405 946 1217 1193 922 469 952 
129 837 174 423 1007 190 869 145 
775 997 939 02 662 297 957 799 
1246 792 197 601 535 229 800 1182 
94 1013 385 731 731 361 993 86 
1227 881 297 584 596 281 811 1217 
850 428 1026 89 89 1038 412 760 
184 1003 297 648 628 367 1029 232 
647 219 739 867 855