21 795 687 1037 397 63 803 61 
714 267 933 1223 21 877 267 730 
1156 186 221 575 559 139 784 1180 
106 955 423 776 776 447 997 106 
1203 915 321 699 617 313 873 51 
897 537 1128 163 245 1144 513 279 
954 1139 454 706 706 398 1131 346 
766 222 750 1015 991 726 286 782 
1226 669 1244 236 820 10 701 1242 
660 869 800 1106 516 158 829 684 
1179 718 114 512 446 146 726 1115 
82 1000 370 715 715 346 980 74 
21 931 353 643 655 337 861 11 
945 534 1143 212 212 1155 518 855 
322 1155 461 820 800 531 1181 370 
819 405 936 1071 1059