618 85 1180 253 863 556 93 658 
201 950 319 581 629 263 950 217 
820 1058 1056 135 119 974 406 844 
1227 809 260 603 603 284 851 1227 
45 1019 437 823 741 429 977 143 
1200 878 254 562 644 270 854 582 
189 427 1038 68 68 982 419 831 
148 910 236 529 505 212 974 164 
539 38 661 931 265 677 70 555 
1059 65 38 370 1030 646 25 1083 
129 944 365 780 714 397 952 65 
63 978 346 689 689 322 958 55 
1035 665 58 330 342 42 595 1025 
516 56 621 913 913 633 40 426 
984 512 1020 100 80 1090 538 1032 
108 889 125 234 222