885 375 238 571 1181 864 383 925 
417 1188 575 849 897 519 1188 433 
970 1226 1240 330 314 1158 574 994 
48 890 350 698 698 374 932 48 
30 1002 418 802 720 410 960 128 
1100 765 129 429 511 145 741 482 
14 232 826 1095 1095 770 224 656 
1162 652 1210 241 217 1186 716 1178 
332 1060 413 673 07 429 1092 348 
920 1159 1116 189 849 474 1119 944 
71 878 292 701 635 324 886 07 
91 1010 382 727 727 358 990 83 
1147 791 198 477 489 182 721 1137 
701 261 844 1147 1147 856 245 611 
1228 777 54 395 375 124 803 26 
397 1199 453 572 560