81 861 758 1111 471 134 869 121 
759 317 987 30 78 931 317 775 
1182 214 253 609 593 171 812 1206 
110 959 427 781 781 451 1001 110 
1185 893 297 674 592 289 851 33 
858 494 1080 113 195 1096 470 240 
898 1077 387 636 636 331 1069 290 
697 147 671 933 909 647 211 713 
1163 600 1170 159 743 1186 632 1179 
612 816 742 1045 455 100 776 636 
1150 684 77 474 408 109 692 1086 
74 991 360 704 704 336 971 66 
35 948 371 662 674 355 878 25 
981 574 1187 258 258 1199 558 891 
375 1214 525 886 866 595 1240 423 
886 477 1014 1151 1139