662 133 1230 305 915 606 141 702 
237 990 361 625 673 305 990 253 
846 1087 1087 169 153 1005 435 870 
1240 824 277 620 620 301 866 1240 
45 1018 437 822 740 429 976 143 
1186 862 236 543 625 252 838 568 
163 397 1006 34 34 950 389 805 
111 870 193 483 459 169 934 127 
507 03 622 891 225 638 35 523 
1038 41 12 343 1003 620 01 1062 
122 935 356 769 703 388 943 58 
69 986 354 698 698 330 966 61 
1055 687 82 355 367 66 617 1045 
548 91 659 952 952 671 75 458 
1025 555 1067 149 129 1137 581 1073 
156 940 179 290 278