749 227 81 408 1018 707 235 789 
308 1068 445 713 761 389 1068 324 
896 1143 1148 233 217 1066 491 920 
15 852 308 653 653 332 894 15 
41 1014 432 817 735 424 972 139 
1155 827 198 501 583 214 803 537 
107 335 938 1213 1213 882 327 749 
36 787 104 391 367 80 851 52 
441 1180 543 809 143 559 1212 457 
994 1242 1208 286 946 566 1202 1018 
104 916 334 746 680 366 924 40 
80 998 368 712 712 344 978 72 
1092 729 129 405 417 113 659 1082 
608 158 732 1029 1029 744 142 518 
1104 642 1159 245 225 1229 668 1152 
249 1040 285 399 387