96 877 775 1129 489 151 885 136 
770 329 1000 44 92 944 329 786 
1188 221 261 617 601 179 819 1212 
110 960 428 781 781 452 1002 110 
1180 888 291 667 585 283 846 28 
848 482 1068 100 182 1084 458 230 
884 1061 370 619 619 314 1053 276 
679 128 651 912 888 627 192 695 
1147 583 1151 140 724 1167 615 1163 
600 802 727 1030 440 85 762 624 
1142 676 68 464 398 100 684 1078 
72 988 357 701 701 333 968 64 
38 952 376 667 679 360 882 28 
989 584 1197 270 270 1209 568 899 
388 1228 541 903 883 611 04 436 
902 495 1033 1171 1159