13 786 678 1028 388 54 794 53 
708 261 926 1216 14 870 261 724 
1153 182 217 571 555 135 780 1177 
106 955 422 775 775 446 997 106 
1206 917 324 702 620 316 875 54 
902 543 1134 170 252 1150 519 284 
961 1147 462 714 714 406 1139 353 
775 231 760 1025 1001 736 295 791 
1234 678 03 245 829 19 710 00 
666 876 807 1114 524 165 836 690 
1183 722 119 517 451 151 730 1119 
83 1001 371 716 716 347 981 75 
19 929 350 640 652 334 859 09 
941 529 1138 206 206 1150 513 851 
315 1148 453 811 791 523 1174 363 
810 395 927 1061 1049