1225 744 633 981 341 09 752 15 
680 229 891 1179 1227 835 229 696 
1136 163 196 548 532 114 761 1160 
103 951 418 771 771 442 993 103 
1217 930 338 717 635 330 888 65 
926 569 1163 200 282 1179 545 308 
995 1184 503 757 757 447 1176 387 
818 277 810 1076 1052 786 341 834 
23 720 49 293 877 65 752 39 
696 909 843 1151 561 201 869 720 
1200 741 140 540 474 172 749 1136 
87 1005 376 721 721 352 985 79 
09 918 338 627 639 322 848 1249 
918 503 1109 176 176 1121 487 828 
281 1110 413 769 749 483 1136 329 
768 349 878 1010 998