706 180 31 357 967 657 188 746 
273 1029 404 669 717 348 1029 289 
871 1115 1118 201 185 1036 463 895 
03 838 293 637 637 317 880 03 
43 1017 435 820 738 427 975 141 
1171 845 217 522 604 233 821 553 
135 367 972 1249 1249 916 359 777 
74 829 149 438 414 125 893 90 
474 1217 583 850 184 599 1249 490 
1016 17 1235 315 975 593 1227 1040 
113 926 345 758 692 377 934 49 
75 992 362 705 705 338 972 67 
1074 709 106 381 393 90 639 1064 
578 125 695 991 991 707 109 488 
1065 599 1113 197 177 1183 625 1113 
203 990 232 344 332