1240 761 651 999 359 27 769 30 
691 241 905 1194 1242 849 241 707 
1143 171 205 557 541 123 769 1167 
104 953 420 773 773 444 995 104 
1212 925 332 711 629 324 883 60 
916 559 1152 188 270 1168 535 298 
982 1169 487 740 740 431 1161 374 
801 259 790 1056 1032 766 323 817 
07 703 30 274 858 46 735 23 
684 896 829 1136 546 187 856 708 
1194 733 132 531 465 164 741 1130 
85 1003 374 719 719 350 983 77 
13 922 343 632 644 327 852 03 
927 514 1121 188 188 1133 498 837 
295 1125 429 786 766 499 1151 343 
785 368 897 1031 1019