826 311 169 500 1110 795 319 866 
370 1136 519 790 838 463 1136 386 
938 1191 1201 288 272 1119 539 962 
35 874 332 679 679 356 916 35 
36 1008 425 810 728 417 966 134 
1125 793 160 462 544 176 769 507 
56 278 876 1148 1148 820 270 698 
1217 712 23 307 283 1249 776 1233 
380 1113 471 733 67 487 1145 396 
953 1196 1157 232 892 515 1156 977 
86 895 311 722 656 343 903 22 
87 1006 377 722 722 353 986 79 
1124 765 169 447 459 153 695 1114 
661 217 796 1097 1097 808 201 571 
1174 719 1242 330 310 62 745 1222 
333 1130 380 496 484