843 329 189 521 1131 815 337 883 
384 1151 535 807 855 479 1151 400 
948 1201 1212 300 284 1130 549 972 
39 878 337 685 685 361 920 39 
34 1007 423 808 726 415 965 132 
1118 786 151 453 535 167 762 500 
44 265 862 1133 1133 806 257 686 
1201 695 05 288 264 1231 759 1217 
367 1098 455 716 50 471 1130 383 
944 1186 1146 220 880 504 1146 968 
82 890 306 716 650 338 898 18 
89 1007 379 724 724 355 987 81 
1131 773 177 456 468 161 703 1121 
673 230 810 1111 1111 822 214 583 
1190 736 10 349 329 80 762 1238 
351 1150 401 518 506