1201 719 605 952 312 1231 727 1241 
662 209 870 1157 1205 814 209 678 
1126 152 183 535 519 101 750 1150 
100 949 415 768 768 439 991 100 
1223 936 345 725 643 337 894 71 
940 585 1180 218 300 1196 561 322 
1016 1207 527 783 783 471 1199 408 
843 305 839 1107 1083 815 369 859 
46 746 76 321 905 92 778 62 
713 928 864 1173 583 222 888 737 
1211 753 153 554 488 185 761 1147 
89 1007 379 724 724 355 987 81 
02 910 330 618 630 314 840 1242 
904 488 1092 158 158 1104 472 814 
261 1088 389 744 724 459 1114 309 
742 322 848 980 968