775 255 110 439 1049 736 263 815 
329 1091 470 738 786 414 1091 345 
910 1159 1166 252 236 1084 507 934 
22 859 316 662 662 340 901 22 
40 1013 430 815 733 422 971 138 
1145 816 185 489 571 201 792 527 
90 317 918 1192 1192 862 309 732 
13 762 78 364 340 54 826 29 
421 1158 519 783 117 535 1190 437 
981 1227 1192 268 928 550 1187 1005 
99 909 326 738 672 358 917 35 
83 1001 371 716 716 347 981 75 
1103 742 143 419 431 127 672 1093 
626 178 753 1052 1052 765 162 536 
1128 668 1187 273 253 07 694 1176 
277 1070 317 431 419