697 171 21 347 957 647 179 737 
266 1021 395 660 708 339 1021 282 
866 1110 1112 195 179 1030 458 890 
01 835 289 634 634 313 877 01 
44 1017 435 821 739 427 975 142 
1174 848 221 527 609 237 824 556 
141 373 979 06 06 923 365 783 
81 837 158 447 423 134 901 97 
481 1224 591 858 192 607 06 497 
1021 22 1241 320 980 599 1232 1045 
115 928 347 760 694 379 936 51 
74 991 360 704 704 336 971 66 
1070 704 101 376 388 85 634 1060 
572 118 688 983 983 700 102 482 
1057 590 1104 187 167 1174 616 1105 
193 980 222 333 321