1083 589 467 809 169 1093 597 1123 
572 109 761 1042 1090 705 109 588 
1071 89 114 461 445 32 687 1095 
85 932 396 748 748 420 974 85 
00 967 380 761 679 372 925 98 
1006 659 12 305 387 28 635 388 
1115 67 646 907 907 590 59 507 
969 441 984 07 1233 960 505 985 
159 870 209 459 1043 225 902 175 
797 1021 966 30 690 324 981 821 
08 806 212 617 551 244 814 1194 
95 1014 387 732 732 363 994 87 
1216 870 285 570 582 269 800 1206 
830 405 1001 63 63 1013 389 740 
155 972 263 613 593 333 998 203 
612 181 698 825 813