74 853 749 1102 462 125 861 114 
753 311 980 23 71 924 311 769 
1179 211 249 604 588 167 809 1203 
109 959 427 780 780 451 1001 109 
1187 896 301 677 595 293 854 35 
863 499 1086 119 201 1102 475 245 
905 1085 396 645 645 340 1077 297 
706 156 681 943 919 657 220 722 
1171 609 1179 169 753 1195 641 1187 
618 823 749 1053 463 107 783 642 
1154 689 82 479 413 114 697 1090 
75 992 362 705 705 338 972 67 
33 946 369 660 672 353 876 23 
976 569 1181 253 253 1193 553 886 
368 1207 517 878 858 587 1233 416 
877 468 1004 1141 1129