635 104 1200 274 884 576 112 675 
216 966 336 598 646 280 966 232 
831 1070 1069 149 133 987 418 855 
1233 815 267 610 610 291 857 1233 
45 1019 437 823 741 429 977 143 
1195 872 247 554 636 263 848 577 
179 415 1025 55 55 969 407 821 
133 894 219 511 487 195 958 149 
526 24 645 915 249 661 56 542 
1050 55 28 359 1019 636 15 1074 
126 940 362 776 710 394 948 62 
66 981 350 693 693 326 961 58 
1043 674 68 340 352 52 604 1033 
529 70 636 929 929 648 54 439 
1001 529 1039 119 99 1109 555 1049 
127 909 147 257 245