1010 510 382 721 81 1008 518 1050 
515 46 693 971 1019 637 46 531 
1035 49 70 414 398 1238 647 1059 
73 918 381 732 732 405 960 73 
13 982 396 779 697 388 940 111 
1043 701 58 354 436 74 677 425 
1172 130 715 979 979 659 122 564 
1042 522 1070 96 72 1046 586 1058 
225 942 287 541 1125 303 974 241 
844 1074 1024 91 751 382 1034 868 
33 835 244 651 585 276 843 1219 
95 1015 387 733 733 363 995 87 
1192 842 254 538 550 238 772 1182 
783 353 944 02 02 956 337 693 
90 900 186 533 513 256 926 138 
532 95 607 731 719