894 384 248 581 1191 874 392 934 
424 1195 583 857 905 527 1195 440 
975 1231 1246 336 320 1164 579 999 
50 892 352 700 700 376 934 50 
29 1001 417 801 719 409 959 127 
1097 761 125 424 506 141 737 479 
08 226 819 1088 1088 763 218 650 
1154 644 1200 231 207 1176 708 1170 
325 1052 405 664 1248 421 1084 341 
915 1153 1110 183 843 468 1113 939 
69 875 289 698 632 321 883 05 
92 1011 383 728 728 359 991 84 
1150 795 202 482 494 186 725 1140 
707 268 851 1155 1155 863 252 617 
1236 786 63 405 385 133 812 34 
406 1209 463 582 570