977 474 344 681 41 970 482 1017 
489 18 662 939 987 606 18 505 
1018 30 49 392 376 1217 628 1042 
67 911 374 723 723 398 953 67 
18 988 403 786 704 395 946 116 
1059 719 78 374 456 94 695 441 
1197 158 745 1011 1011 689 150 589 
1075 557 1107 135 111 1083 621 1091 
254 974 321 576 1160 337 1006 270 
865 1097 1049 118 778 407 1057 889 
44 847 257 665 599 289 855 1230 
95 1015 387 732 732 363 995 87 
1181 829 240 522 534 224 759 1171 
762 329 918 1225 1225 930 313 672 
61 868 152 496 476 222 894 109 
496 56 566 689 677