936 429 296 631 1241 922 437 976 
457 1232 623 898 946 567 1232 473 
997 06 23 364 348 1191 604 1021 
59 902 363 712 712 387 944 59 
24 995 410 794 712 402 953 122 
1078 740 102 400 482 118 716 460 
1228 192 782 1049 1049 726 184 620 
1115 600 1154 183 159 1130 664 1131 
290 1013 363 620 1204 379 1045 306 
890 1126 1080 151 811 438 1086 914 
57 861 273 682 616 305 869 1243 
94 1013 385 731 731 361 993 86 
1166 812 221 503 515 205 742 1156 
735 299 885 1190 1190 897 283 645 
23 827 108 451 431 178 853 71 
451 08 515 636 624