1051 554 429 770 130 1055 562 1091 
547 81 731 1011 1059 675 81 563 
1055 71 95 441 425 13 669 1079 
80 926 390 741 741 414 968 80 
06 974 387 770 688 379 932 104 
1023 678 33 327 409 49 654 405 
1141 95 677 939 939 621 87 533 
1002 477 1022 47 23 998 541 1018 
189 902 244 496 1080 260 934 205 
818 1045 992 58 718 350 1005 842 
19 819 227 632 566 259 827 1205 
95 1015 387 733 733 363 995 87 
1206 858 272 556 568 256 788 1196 
809 382 976 36 36 988 366 719 
126 940 229 578 558 299 966 174 
577 143 658 783 771