1194 710 596 943 303 1222 718 1234 
656 203 863 1149 1197 807 203 672 
1123 148 179 530 514 97 746 1147 
99 948 414 767 767 438 990 99 
1225 939 348 728 646 340 897 73 
944 590 1186 224 306 1202 566 326 
1022 1214 535 791 791 479 1206 414 
852 314 849 1117 1093 825 378 868 
54 754 85 330 914 101 786 70 
719 934 871 1181 591 229 894 743 
1214 756 157 558 492 189 764 1150 
89 1008 380 725 725 356 988 81 
00 908 327 615 627 311 838 1240 
899 482 1086 152 152 1098 466 809 
254 1080 380 735 715 450 1106 302 
733 312 838 969 957