1067 572 448 789 149 1074 580 1107 
559 95 746 1027 1075 690 95 575 
1063 80 105 451 435 23 678 1087 
83 929 393 744 744 417 971 83 
03 971 384 765 683 376 929 101 
1014 669 22 316 398 38 645 396 
1128 81 662 923 923 606 73 520 
985 459 1003 27 03 979 523 1001 
174 886 226 478 1062 242 918 190 
807 1033 979 44 704 337 993 831 
14 813 219 624 558 251 821 1200 
95 1015 387 732 732 363 995 87 
1211 864 278 563 575 262 794 1201 
820 394 989 49 49 1001 378 730 
141 956 246 595 575 316 982 189 
594 162 678 804 792