952 447 315 651 11 941 455 992 
470 1246 639 915 963 583 1246 486 
1005 16 33 376 360 1201 614 1029 
62 906 368 717 717 392 948 62 
22 992 407 791 709 399 950 120 
1070 732 92 390 472 108 708 452 
1216 178 767 1034 1034 711 170 608 
1099 583 1135 164 140 1111 647 1115 
276 997 346 603 1187 362 1029 292 
880 1114 1068 138 798 426 1074 904 
52 856 267 675 609 299 864 1238 
94 1014 386 731 731 362 994 86 
1172 819 229 511 523 213 749 1162 
746 311 898 1204 1204 910 295 656 
38 843 125 469 449 195 869 86 
469 27 536 657 645