163 950 854 1211 571 230 958 203 
818 383 1059 106 154 1003 383 834 
1214 251 293 651 635 211 849 1238 
111 961 429 783 783 453 1003 111 
1156 861 261 635 553 253 819 04 
802 431 1011 40 122 1027 407 184 
819 990 294 539 539 238 982 211 
600 42 560 818 794 536 106 616 
1074 504 1067 52 636 1083 536 1090 
544 740 660 959 369 18 700 568 
1107 636 24 417 351 56 644 1043 
60 975 343 685 685 319 955 52 
52 967 393 685 697 377 897 42 
1027 626 1244 319 319 06 610 937 
446 42 610 975 955 680 68 494 
976 576 1119 10 1248