1209 727 614 962 322 1240 735 1249 
668 216 877 1164 1212 821 216 684 
1130 155 188 539 523 106 753 1154 
101 949 416 769 769 440 991 101 
1221 934 343 722 640 335 892 69 
935 580 1175 212 294 1191 556 317 
1009 1199 519 774 774 463 1191 401 
835 296 829 1097 1073 805 360 851 
38 737 67 311 895 83 769 54 
707 921 857 1166 576 215 881 731 
1207 749 149 549 483 181 757 1143 
88 1007 378 723 723 354 987 80 
04 913 332 621 633 316 843 1244 
908 493 1098 164 164 1110 477 818 
268 1095 397 752 732 467 1121 316 
751 331 858 990 978