119 902 802 1156 516 178 910 159 
786 347 1020 65 113 964 347 802 
1197 231 272 628 612 190 829 1221 
111 961 429 782 782 453 1003 111 
1172 879 281 657 575 273 837 20 
833 465 1049 80 162 1065 441 215 
862 1038 345 592 592 289 1030 254 
653 99 620 881 857 596 163 669 
1123 557 1123 111 695 1139 589 1139 
581 782 705 1007 417 63 742 605 
1131 663 54 448 382 86 671 1067 
68 984 353 696 696 329 964 60 
43 957 382 673 685 366 887 33 
1002 598 1213 286 286 1225 582 912 
407 00 564 927 907 634 26 455 
927 522 1062 1201 1189