985 483 353 691 51 979 491 1025 
496 25 670 947 995 614 25 512 
1022 35 54 398 382 1222 633 1046 
69 913 376 725 725 400 955 69 
17 987 401 784 702 393 945 115 
1055 714 73 369 451 89 690 437 
1191 151 738 1003 1003 682 143 583 
1067 548 1098 125 101 1074 612 1083 
247 966 312 567 1151 328 998 263 
860 1092 1043 111 771 401 1052 884 
41 844 254 661 595 286 852 1227 
95 1015 387 732 732 363 995 87 
1184 833 243 526 538 227 763 1174 
767 335 925 1232 1232 937 319 677 
68 876 160 506 486 230 902 116 
505 66 577 699 687