714 189 41 367 977 667 197 754 
280 1037 412 678 726 356 1037 296 
876 1121 1124 208 192 1042 469 900 
05 841 296 640 640 320 883 05 
43 1016 434 820 738 426 974 141 
1168 841 213 518 600 229 817 550 
130 360 966 1242 1242 910 352 772 
66 821 140 428 404 116 885 82 
468 1209 575 842 176 591 1241 484 
1012 12 1230 309 969 588 1222 1036 
112 924 343 756 690 375 932 48 
76 993 363 707 707 339 973 68 
1077 713 111 386 398 95 643 1068 
584 131 703 999 999 715 115 494 
1073 608 1123 206 186 1193 634 1121 
212 1000 243 355 343