919 411 277 611 1221 903 419 959 
444 1217 607 882 930 551 1217 460 
988 1246 12 353 337 1180 594 1012 
56 898 359 708 708 383 940 56 
26 997 413 797 715 405 955 124 
1086 749 111 410 492 127 725 468 
1240 205 797 1065 1065 741 197 632 
1131 618 1173 202 178 1149 682 1147 
304 1029 380 638 1222 396 1061 320 
900 1137 1092 164 824 450 1097 924 
61 867 280 688 622 312 875 1247 
93 1012 384 730 730 360 992 85 
1160 805 213 494 506 197 735 1150 
724 286 872 1176 1176 884 270 634 
08 811 90 432 412 160 837 56 
433 1238 494 614 602