1248 770 660 1009 369 36 778 38 
697 248 912 1201 1249 856 248 713 
1147 175 209 562 546 127 773 1171 
105 953 421 774 774 445 995 105 
1210 922 330 708 626 322 880 58 
912 554 1146 182 264 1162 530 294 
975 1162 479 732 732 423 1154 367 
792 250 780 1046 1022 756 314 808 
1249 695 21 264 848 37 727 15 
678 889 822 1129 539 180 849 702 
1190 730 127 527 461 159 738 1126 
84 1003 373 718 718 349 983 76 
15 924 345 635 647 329 854 05 
932 519 1126 194 194 1138 503 842 
302 1133 437 795 775 507 1159 350 
793 377 907 1041 1029