902 393 257 591 1201 883 401 942 
431 1203 591 865 913 535 1203 447 
979 1236 01 342 326 1169 584 1003 
52 894 354 703 703 378 936 52 
28 999 416 800 718 408 957 126 
1093 757 120 419 501 136 733 475 
02 219 811 1080 1080 755 211 644 
1147 635 1191 222 198 1167 699 1163 
318 1044 397 655 1239 413 1076 334 
910 1148 1104 176 836 462 1108 934 
66 872 286 695 629 318 880 02 
92 1011 383 729 729 359 991 84 
1153 798 205 486 498 189 728 1143 
713 274 858 1162 1162 870 258 623 
1243 794 72 414 394 142 820 41 
415 1219 474 593 581