1186 702 587 933 293 1213 710 1226 
650 196 855 1142 1190 799 196 666 
1119 144 175 525 509 93 742 1143 
99 947 413 766 766 437 989 99 
1227 941 350 730 648 342 899 75 
949 595 1192 230 312 1208 571 331 
1029 1222 543 799 799 487 1214 421 
860 323 859 1127 1103 835 387 876 
61 762 94 340 924 110 794 77 
724 941 878 1188 598 236 901 748 
1217 760 161 563 497 193 768 1153 
90 1009 380 725 725 356 989 82 
1248 905 324 612 624 308 835 1238 
894 477 1080 146 146 1092 461 804 
247 1073 372 726 706 442 1099 295 
725 303 828 959 947