59 836 731 1083 443 107 844 99 
742 298 967 09 57 911 298 758 
1172 204 241 596 580 159 802 1196 
109 958 426 779 779 450 1000 109 
1192 902 307 683 601 299 860 40 
873 510 1098 132 214 1114 486 255 
919 1100 412 663 663 356 1092 311 
723 175 701 964 940 677 239 739 
1187 626 1198 188 772 1214 658 1203 
630 836 764 1068 478 122 796 654 
1161 697 91 488 422 123 705 1097 
77 994 364 708 708 340 974 69 
30 942 365 655 667 349 872 20 
968 559 1171 241 241 1183 543 878 
355 1192 501 861 841 571 1218 403 
861 450 985 1121 1109