671 142 1240 315 925 616 150 711 
244 998 370 634 682 314 998 260 
851 1093 1094 175 159 1012 441 875 
1243 827 280 624 624 304 869 1243 
44 1018 436 822 740 428 976 142 
1183 859 232 539 621 248 835 565 
157 391 999 27 27 943 383 799 
104 862 184 474 450 160 926 120 
501 1245 614 883 217 630 27 517 
1034 36 07 337 997 615 1246 1058 
120 933 354 767 701 386 941 56 
71 987 356 699 699 332 967 63 
1059 691 87 361 373 71 621 1049 
554 98 666 960 960 678 82 464 
1033 564 1076 158 138 1146 590 1081 
165 950 190 301 289