679 152 01 326 936 627 160 719 
252 1005 378 643 691 322 1005 268 
856 1098 1100 182 166 1018 446 880 
1246 830 283 627 627 307 872 1246 
44 1018 436 821 739 428 976 142 
1180 855 229 535 617 245 831 562 
152 385 992 20 20 936 377 794 
96 853 175 465 441 151 917 112 
494 1238 607 875 209 623 20 510 
1029 32 01 332 992 609 1242 1053 
118 932 352 765 699 384 940 54 
72 988 357 701 701 333 968 64 
1062 696 92 366 378 76 626 1052 
560 104 673 968 968 685 88 470 
1041 573 1085 168 148 1155 599 1089 
174 960 200 311 299