1034 537 410 750 110 1036 545 1074 
534 67 715 995 1043 659 67 550 
1047 62 85 430 414 03 660 1071 
78 923 387 737 737 411 965 78 
09 978 391 774 692 383 936 107 
1031 687 43 338 420 59 663 413 
1153 109 692 955 955 636 101 545 
1018 495 1041 66 42 1017 559 1034 
203 918 261 514 1098 277 950 219 
829 1057 1005 71 731 363 1017 853 
25 826 234 639 573 266 834 1211 
95 1015 387 733 733 363 995 87 
1201 852 265 549 561 249 782 1191 
799 370 963 23 23 975 354 709 
112 924 212 560 540 282 950 160 
559 124 638 762 750