148 934 836 1193 553 212 942 188 
807 371 1046 92 140 990 371 823 
1208 244 286 644 628 204 842 1232 
111 961 429 783 783 453 1003 111 
1161 867 268 643 561 260 825 09 
812 442 1024 53 135 1040 418 194 
833 1006 311 557 557 255 998 225 
618 61 580 839 815 556 125 634 
1090 522 1086 72 656 1102 554 1106 
556 754 675 975 385 33 714 580 
1115 645 34 428 362 66 653 1051 
63 978 346 689 689 322 958 55 
49 964 389 682 694 373 894 39 
1019 617 1234 308 308 1246 601 929 
433 28 595 959 939 665 54 481 
960 558 1100 1241 1229