944 438 305 641 01 931 446 984 
463 1239 631 906 954 575 1239 479 
1001 11 28 370 354 1196 609 1025 
61 904 365 715 715 389 946 61 
23 993 409 792 710 401 951 121 
1074 736 97 395 477 113 712 456 
1222 185 775 1042 1042 719 177 614 
1107 592 1145 174 150 1121 656 1123 
283 1005 355 612 1196 371 1037 299 
885 1120 1074 144 804 432 1080 909 
54 858 270 678 612 302 866 1240 
94 1013 386 731 731 362 993 86 
1169 816 225 507 519 209 746 1159 
740 305 892 1197 1197 904 289 650 
31 835 116 460 440 186 861 79 
460 17 525 646 634