927 420 286 621 1231 912 428 967 
450 1225 615 890 938 559 1225 466 
992 01 17 359 343 1185 599 1016 
57 900 361 710 710 385 942 57 
25 996 412 795 713 404 954 123 
1082 745 106 405 487 122 721 464 
1234 199 790 1057 1057 734 191 626 
1123 609 1163 193 169 1139 673 1139 
297 1021 372 629 1213 388 1053 313 
895 1131 1086 157 817 444 1091 919 
59 864 277 685 619 309 872 1245 
93 1013 385 730 730 361 993 85 
1163 809 217 498 510 201 739 1153 
729 293 878 1183 1183 890 277 639 
16 819 99 442 422 169 845 64 
442 1248 505 625 613