1026 528 401 740 100 1027 536 1066 
528 60 708 987 1035 652 60 544 
1043 58 80 425 409 1248 656 1067 
76 921 385 735 735 409 963 76 
10 979 393 775 693 385 937 108 
1035 692 48 343 425 64 668 417 
1160 116 700 963 963 644 108 552 
1026 504 1051 76 52 1027 568 1042 
211 926 270 523 1107 286 958 227 
834 1063 1011 78 738 369 1023 858 
28 829 237 643 577 269 837 1214 
95 1015 387 733 733 363 995 87 
1198 849 261 545 557 245 779 1188 
794 365 957 16 16 969 349 704 
105 916 204 551 531 274 942 153 
550 114 628 752 740