852 338 199 531 1141 825 346 892 
390 1158 543 815 863 487 1158 406 
952 1206 1218 306 290 1136 554 976 
41 881 340 688 688 364 923 41 
33 1006 422 807 725 414 964 131 
1115 782 147 448 530 163 758 497 
38 259 855 1125 1125 799 251 680 
1194 686 1246 279 255 1222 750 1210 
360 1090 446 707 41 462 1122 376 
939 1180 1140 214 874 498 1140 963 
80 888 303 713 647 335 896 16 
89 1008 380 725 725 356 988 81 
1134 776 181 460 472 165 706 1124 
679 236 817 1119 1119 829 220 589 
1198 744 19 358 338 89 770 1246 
360 1160 411 529 517