51 828 722 1074 434 98 836 91 
737 292 960 02 50 904 292 753 
1169 200 237 592 576 155 798 1193 
108 957 425 779 779 449 999 108 
1194 904 310 687 605 302 862 42 
878 516 1104 138 220 1120 492 260 
926 1108 421 671 671 365 1100 318 
732 184 711 974 950 687 248 748 
1195 635 1207 198 782 1223 667 1211 
636 843 771 1076 486 129 803 660 
1165 701 96 493 427 128 709 1101 
78 995 366 710 710 342 975 70 
28 940 362 653 665 346 870 18 
963 554 1165 236 236 1177 538 873 
349 1185 493 853 833 563 1211 397 
852 441 975 1111 1099