1178 693 578 924 284 1204 701 1218 
644 189 848 1134 1182 792 189 660 
1115 140 170 520 504 88 738 1139 
98 946 412 765 765 436 988 98 
1229 943 353 733 651 345 901 77 
953 600 1197 236 318 1213 576 335 
1036 1229 551 808 808 495 1221 428 
869 333 868 1137 1113 844 397 885 
69 771 103 349 933 119 803 85 
730 947 885 1195 605 243 907 754 
1220 764 165 567 501 197 772 1156 
90 1009 381 726 726 357 989 82 
1245 903 321 609 621 305 833 1235 
889 471 1074 139 139 1086 455 799 
240 1065 364 718 698 434 1091 288 
716 294 818 949 937