104 886 784 1138 498 160 894 144 
775 335 1007 51 99 951 335 791 
1191 225 264 621 605 182 823 1215 
110 960 428 782 782 452 1002 110 
1177 885 288 664 582 280 843 25 
843 477 1062 93 175 1078 453 225 
876 1054 362 610 610 306 1046 268 
671 118 640 901 877 616 182 687 
1139 574 1142 130 714 1158 606 1155 
594 796 720 1022 432 78 756 618 
1139 671 63 459 393 95 679 1075 
71 987 356 699 699 332 967 63 
40 953 378 669 681 362 883 30 
994 588 1203 275 275 1215 572 904 
395 1235 548 911 891 618 11 443 
911 504 1043 1181 1169