627 95 1190 263 873 566 103 667 
208 958 327 590 638 271 958 224 
825 1064 1062 142 126 980 412 849 
1230 812 264 606 606 288 854 1230 
45 1019 437 823 741 429 977 143 
1197 875 251 558 640 267 851 579 
184 421 1032 62 62 976 413 826 
141 902 228 520 496 204 966 157 
533 31 653 923 257 669 63 549 
1055 60 33 365 1025 641 20 1079 
128 942 363 778 712 395 950 64 
64 980 348 691 691 324 960 56 
1039 669 63 335 347 47 599 1029 
523 63 629 921 921 641 47 433 
993 520 1029 110 90 1099 546 1041 
118 899 136 245 233