783 264 120 449 1059 746 272 823 
336 1098 478 747 795 422 1098 352 
915 1164 1172 258 242 1090 512 939 
24 862 319 665 665 343 904 24 
39 1012 430 815 733 422 970 137 
1142 812 181 484 566 197 788 524 
85 310 911 1185 1185 855 302 727 
06 754 69 354 330 45 818 22 
414 1150 511 775 109 527 1182 430 
976 1222 1186 262 922 544 1182 1000 
97 907 324 736 670 356 915 33 
83 1002 372 717 717 348 982 75 
1107 746 147 424 436 131 676 1097 
632 185 761 1059 1059 773 169 542 
1136 676 1196 283 263 16 702 1184 
287 1080 327 442 430