1139 650 532 876 236 1158 658 1179 
614 156 812 1096 1144 756 156 630 
1097 119 147 496 480 65 717 1121 
93 940 406 758 758 430 982 93 
1238 954 365 745 663 357 912 86 
976 625 1225 265 347 1241 601 358 
1069 16 591 849 849 535 08 461 
911 378 917 1187 1163 893 442 927 
107 812 147 395 979 163 844 123 
758 978 919 1231 641 277 938 782 
1236 782 185 588 522 217 790 1172 
93 1012 384 729 729 360 992 85 
1234 890 307 593 605 291 820 1224 
865 444 1044 108 108 1056 428 775 
205 1026 322 675 655 392 1052 253 
673 247 769 898 886