600 66 1160 232 842 536 74 640 
187 934 302 563 611 246 934 203 
810 1047 1043 122 106 961 395 834 
1222 803 253 595 595 277 845 1222 
45 1019 437 823 741 429 977 143 
1206 885 261 569 651 277 861 588 
200 439 1051 82 82 995 431 842 
163 926 254 547 523 230 990 179 
552 52 676 947 281 692 84 568 
1067 74 48 381 1041 656 34 1091 
132 947 369 783 717 401 955 68 
60 975 343 685 685 319 955 52 
1027 656 48 319 331 32 586 1017 
504 42 606 897 897 618 26 414 
968 494 1001 80 60 1071 520 1016 
89 868 104 212 200