609 76 1170 242 852 546 84 649 
194 942 310 572 620 254 942 210 
815 1052 1049 129 113 967 400 839 
1225 806 257 599 599 281 848 1225 
45 1019 437 823 741 429 977 143 
1203 882 258 565 647 274 858 585 
195 433 1045 75 75 989 425 837 
155 918 245 538 514 221 982 171 
545 45 668 939 273 684 77 561 
1063 69 43 376 1036 651 29 1087 
131 946 367 782 716 399 954 67 
62 977 345 687 687 321 957 54 
1031 660 53 324 336 37 590 1021 
510 49 613 905 905 625 33 420 
976 503 1010 90 70 1080 529 1024 
99 879 115 223 211