961 456 325 661 21 951 464 1001 
477 03 646 923 971 590 03 493 
1010 20 39 381 365 1207 618 1034 
64 907 370 719 719 394 949 64 
21 991 406 789 707 398 949 119 
1067 727 87 385 467 103 703 449 
1210 172 760 1026 1026 704 164 602 
1091 574 1126 154 130 1102 638 1107 
268 990 338 594 1178 354 1022 284 
875 1109 1062 131 791 420 1069 899 
49 853 264 672 606 296 861 1235 
94 1014 386 732 732 362 994 86 
1175 823 232 515 527 216 753 1165 
751 317 905 1211 1211 917 301 661 
46 852 134 478 458 204 878 94 
478 37 546 667 655