44 820 713 1065 425 89 828 84 
731 286 953 1245 43 897 286 747 
1166 197 234 588 572 152 795 1190 
108 957 425 778 778 449 999 108 
1197 907 313 690 608 305 865 45 
883 521 1110 145 227 1126 497 265 
933 1116 429 680 680 373 1108 325 
740 194 721 984 960 697 258 756 
1202 644 1216 207 791 1232 676 1218 
642 850 779 1084 494 137 810 666 
1169 705 101 498 432 133 713 1105 
79 997 367 711 711 343 977 71 
26 938 360 650 662 344 868 16 
959 549 1160 230 230 1172 533 869 
342 1177 485 845 825 555 1203 390 
844 432 966 1101 1089