1147 659 541 886 246 1167 667 1187 
620 163 819 1104 1152 763 163 636 
1101 123 152 501 485 70 721 1125 
94 941 408 760 760 432 983 94 
1236 952 362 743 661 354 910 84 
971 620 1219 260 342 1235 596 353 
1063 09 583 841 841 527 01 455 
902 369 907 1177 1153 883 433 918 
99 804 138 386 970 154 836 115 
753 972 912 1224 634 270 932 777 
1233 778 181 584 518 213 786 1169 
92 1011 383 729 729 359 991 84 
1236 892 310 597 609 294 822 1226 
870 450 1050 114 114 1062 434 780 
212 1034 331 683 663 401 1060 260 
682 256 779 908 896