969 465 334 671 31 960 473 1009 
483 11 654 931 979 598 11 499 
1014 25 44 387 371 1212 623 1038 
66 909 372 721 721 396 951 66 
19 990 404 788 706 396 948 117 
1063 723 82 379 461 98 699 445 
1204 165 753 1018 1018 697 157 596 
1083 565 1117 145 121 1093 629 1099 
261 982 329 585 1169 345 1014 277 
870 1103 1055 125 785 413 1063 894 
46 850 261 668 602 293 858 1232 
95 1014 387 732 732 363 994 87 
1178 826 236 519 531 220 756 1168 
757 323 912 1218 1218 924 307 667 
53 860 143 487 467 213 886 101 
487 46 556 678 666