732 208 61 388 998 687 216 772 
294 1052 429 695 743 373 1052 310 
886 1132 1136 220 204 1054 480 910 
10 846 302 647 647 326 888 10 
42 1015 433 819 737 425 973 140 
1161 834 205 510 592 221 810 543 
119 348 952 1228 1228 896 340 761 
51 804 122 410 386 98 868 67 
455 1195 559 825 159 575 1227 471 
1003 02 1219 298 958 577 1212 1027 
108 920 338 751 685 370 928 44 
78 995 366 710 710 342 975 70 
1085 721 120 395 407 104 651 1075 
596 145 717 1014 1014 729 129 506 
1089 625 1141 226 206 1211 651 1137 
231 1020 264 377 365