1091 598 476 818 178 1102 606 1131 
578 116 768 1050 1098 712 116 594 
1075 93 119 467 451 37 691 1099 
87 933 398 749 749 422 975 87 
1248 965 378 759 677 370 923 96 
1002 654 07 299 381 23 630 384 
1109 59 638 899 899 582 51 501 
961 432 975 1247 1223 951 496 977 
152 862 200 450 1034 216 894 168 
791 1015 959 23 683 317 975 815 
05 803 208 613 547 240 811 1191 
94 1014 386 732 732 362 994 86 
1219 873 288 574 586 272 803 1209 
835 411 1008 69 69 1020 395 745 
162 980 272 622 602 342 1006 210 
621 190 708 835 823