1154 668 550 895 255 1176 676 1194 
626 170 827 1112 1160 771 170 642 
1105 127 157 506 490 75 725 1129 
95 943 409 761 761 433 985 95 
1234 950 360 740 658 352 908 82 
967 615 1214 254 336 1230 591 349 
1056 01 575 833 833 519 1243 448 
894 360 898 1167 1143 874 424 910 
92 796 129 377 961 145 828 108 
747 966 905 1217 627 263 926 771 
1230 775 178 580 514 210 783 1166 
92 1011 383 728 728 359 991 84 
1239 895 313 600 612 297 825 1229 
875 455 1056 121 121 1068 439 785 
219 1042 339 692 672 409 1068 267 
690 266 789 918 906