792 274 130 460 1070 756 282 832 
343 1106 487 756 804 431 1106 359 
920 1170 1178 264 248 1096 518 944 
26 864 322 668 668 346 906 26 
39 1011 429 814 732 421 969 137 
1139 809 177 480 562 193 785 521 
79 304 904 1177 1177 848 296 721 
1248 746 60 345 321 36 810 14 
408 1143 503 767 101 519 1175 424 
972 1217 1180 256 916 538 1177 996 
95 904 321 733 667 353 912 31 
84 1003 373 718 718 349 983 76 
1110 750 151 429 441 135 680 1100 
638 191 768 1067 1067 780 175 548 
1143 685 1205 292 272 25 711 1191 
296 1090 338 453 441