36 811 704 1055 415 80 819 76 
725 279 946 1237 35 890 279 741 
1163 193 230 583 567 148 791 1187 
107 956 424 777 777 448 998 107 
1199 910 316 693 611 308 868 47 
888 527 1116 151 233 1132 503 270 
940 1124 437 689 689 381 1116 332 
749 203 731 994 970 707 267 765 
1210 652 1225 217 801 1241 684 1226 
648 856 786 1091 501 144 816 672 
1172 709 105 503 437 137 717 1108 
80 998 368 712 712 344 978 72 
24 936 358 648 660 342 866 14 
954 544 1154 224 224 1166 528 864 
335 1170 477 837 817 547 1196 383 
835 423 956 1091 1079