860 347 209 541 1151 835 355 900 
397 1166 551 823 871 495 1166 413 
957 1211 1224 312 296 1142 559 981 
43 883 342 690 690 366 925 43 
33 1005 421 806 724 413 963 131 
1111 778 143 443 525 159 754 493 
32 252 847 1118 1118 791 244 674 
1186 678 1237 269 245 1213 742 1202 
353 1083 438 698 32 454 1115 369 
934 1175 1134 208 868 492 1135 958 
78 885 300 710 644 332 893 14 
90 1009 380 725 725 356 989 82 
1137 780 185 465 477 169 710 1127 
684 243 824 1126 1126 836 227 594 
1205 752 28 368 348 98 778 03 
370 1169 422 539 527