1042 546 420 760 120 1046 554 1082 
540 74 723 1003 1051 667 74 556 
1051 67 90 436 420 08 665 1075 
79 924 388 739 739 412 966 79 
07 976 389 772 690 381 934 105 
1027 683 38 332 414 54 659 409 
1147 102 685 947 947 629 94 539 
1010 486 1032 57 33 1008 550 1026 
196 910 252 505 1089 268 942 212 
823 1051 998 64 724 356 1011 847 
22 822 230 636 570 262 830 1208 
95 1015 387 733 733 363 995 87 
1203 855 268 553 565 252 785 1193 
804 376 970 29 29 982 360 714 
119 932 221 569 549 291 958 167 
568 133 648 773 761