1107 616 495 838 198 1121 624 1147 
590 129 783 1066 1114 727 129 606 
1082 102 129 477 461 47 700 1106 
89 935 401 752 752 425 977 89 
1245 962 373 755 673 365 920 93 
993 645 1246 288 370 12 621 375 
1095 45 623 882 882 567 37 487 
944 414 955 1227 1203 931 478 960 
137 845 182 432 1016 198 877 153 
780 1003 946 09 669 304 963 804 
1249 796 201 605 539 233 804 1185 
94 1013 386 731 731 362 993 86 
1224 878 294 580 592 278 808 1214 
845 422 1020 82 82 1032 406 755 
177 995 289 640 620 359 1021 225 
638 209 729 856 844