89 869 766 1120 480 142 877 129 
764 323 994 37 85 938 323 780 
1185 218 257 613 597 175 816 1209 
110 959 428 781 781 452 1001 110 
1182 890 294 670 588 286 848 30 
853 488 1074 106 188 1090 464 235 
891 1069 379 628 628 323 1061 283 
688 137 661 922 898 637 201 704 
1155 592 1161 150 734 1177 624 1171 
606 809 735 1038 448 93 769 630 
1146 680 73 469 403 105 688 1082 
73 989 359 702 702 335 969 65 
37 950 373 665 677 357 880 27 
985 579 1192 264 264 1204 563 895 
381 1221 533 894 874 603 1247 429 
894 486 1023 1161 1149