877 366 228 561 1171 854 374 917 
411 1181 567 840 888 511 1181 427 
966 1221 1235 324 308 1153 569 990 
46 887 347 695 695 371 929 46 
31 1003 419 803 721 411 961 129 
1104 769 134 434 516 150 745 486 
20 239 833 1103 1103 777 231 662 
1170 661 1219 250 226 1195 725 1186 
339 1067 422 681 15 438 1099 355 
925 1164 1122 195 855 480 1124 949 
73 880 294 704 638 326 888 09 
91 1010 382 727 727 358 990 83 
1144 788 193 473 485 177 718 1134 
696 255 838 1140 1140 850 239 606 
1220 769 46 386 366 116 795 18 
388 1189 442 561 549