818 301 160 490 1100 786 309 858 
363 1128 511 781 829 455 1128 379 
934 1185 1195 282 266 1113 533 958 
33 872 330 677 677 354 914 33 
37 1009 426 811 729 418 967 135 
1128 797 164 466 548 180 773 510 
62 285 883 1155 1155 827 277 704 
1225 720 33 317 293 09 784 1241 
387 1120 479 741 75 495 1152 403 
958 1201 1163 238 898 521 1161 982 
89 898 314 725 659 346 906 25 
87 1005 376 721 721 352 985 79 
1120 761 164 442 454 148 691 1110 
656 211 789 1089 1089 801 195 566 
1167 710 1233 321 301 53 736 1215 
324 1120 369 486 474