28 803 696 1046 406 72 811 68 
720 273 940 1230 28 884 273 736 
1160 190 225 579 563 143 788 1184 
107 956 424 777 777 448 998 107 
1201 912 318 696 614 310 870 49 
893 532 1122 157 239 1138 508 275 
947 1131 446 697 697 390 1123 339 
758 212 740 1005 981 716 276 774 
1218 661 1235 226 810 01 693 1234 
654 863 793 1099 509 151 823 678 
1176 713 110 508 442 142 721 1112 
81 999 369 713 713 345 979 73 
22 933 355 645 657 339 863 12 
950 539 1149 218 218 1161 523 860 
329 1163 469 828 808 539 1189 377 
827 414 946 1081 1069