1002 501 372 711 71 998 509 1042 
509 39 685 963 1011 629 39 525 
1031 44 65 409 393 1233 642 1055 
72 916 379 730 730 403 958 72 
14 984 398 781 699 390 942 112 
1047 705 63 359 441 79 681 429 
1179 137 723 987 987 667 129 571 
1051 530 1079 106 82 1055 594 1067 
232 950 295 550 1134 311 982 248 
849 1080 1030 98 758 388 1040 873 
36 838 248 654 588 280 846 1222 
95 1015 387 733 733 363 995 87 
1189 839 251 534 546 235 769 1179 
778 347 938 1246 1246 950 331 688 
83 892 178 524 504 248 918 131 
523 85 597 720 708