06 778 669 1018 378 45 786 46 
703 254 919 1209 07 863 254 719 
1150 178 213 566 550 131 776 1174 
105 954 422 775 775 446 996 105 
1208 920 327 705 623 319 878 56 
907 548 1140 176 258 1156 524 289 
968 1154 470 723 723 414 1146 360 
783 240 770 1035 1011 746 304 799 
1242 686 12 255 839 28 718 08 
672 883 815 1121 531 173 843 696 
1187 726 123 522 456 155 734 1123 
83 1002 372 717 717 348 982 75 
17 927 348 638 650 332 857 07 
936 524 1132 200 200 1144 508 846 
308 1140 445 803 783 515 1166 356 
802 386 917 1051 1039