653 123 1220 295 905 596 131 693 
230 982 353 616 664 297 982 246 
841 1081 1081 162 146 999 429 865 
1238 821 273 617 617 297 863 1238 
45 1019 437 822 740 429 977 143 
1189 865 240 546 628 256 841 571 
168 403 1012 41 41 956 395 810 
119 878 202 492 468 178 942 135 
513 10 630 899 233 646 42 529 
1042 46 17 348 1008 625 06 1066 
123 937 358 771 705 390 945 59 
68 984 353 696 696 329 964 60 
1051 683 78 350 362 62 613 1041 
541 84 651 945 945 663 68 451 
1017 547 1057 139 119 1127 573 1065 
146 929 168 279 267