723 199 51 378 988 677 207 763 
287 1044 420 687 735 364 1044 303 
881 1126 1130 214 198 1048 474 905 
08 844 299 643 643 323 886 08 
43 1016 434 819 737 426 974 141 
1164 838 209 514 596 225 814 546 
124 354 959 1235 1235 903 346 766 
59 812 131 419 395 107 876 75 
461 1202 567 833 167 583 1234 477 
1008 07 1225 303 963 583 1217 1032 
110 922 341 753 687 373 930 46 
77 994 364 708 708 340 974 69 
1081 717 115 390 402 99 647 1071 
590 138 710 1006 1006 722 122 500 
1081 616 1132 216 196 1202 642 1129 
221 1010 254 366 354