835 320 179 511 1121 805 328 875 
377 1143 527 798 846 471 1143 393 
943 1196 1207 294 278 1125 544 967 
37 876 335 682 682 359 918 37 
35 1007 424 809 727 416 965 133 
1122 789 156 457 539 172 765 504 
50 272 869 1140 1140 813 264 692 
1209 703 14 298 274 1240 767 1225 
374 1105 463 724 58 479 1137 390 
948 1191 1152 226 886 510 1151 972 
84 893 308 719 653 340 901 20 
88 1007 378 723 723 354 987 80 
1127 769 173 451 463 157 699 1117 
667 223 803 1104 1104 815 207 577 
1182 727 01 339 319 71 753 1230 
342 1140 390 507 495