809 292 150 480 1090 776 300 849 
356 1121 503 773 821 447 1121 372 
929 1180 1189 276 260 1107 528 953 
30 869 327 674 674 351 911 30 
37 1010 427 812 730 419 968 135 
1132 801 169 471 553 185 777 514 
67 291 890 1163 1163 834 283 709 
1232 729 42 326 302 18 793 1248 
394 1128 487 750 84 503 1160 410 
962 1207 1169 244 904 527 1167 986 
91 900 316 727 661 348 908 27 
86 1004 375 720 720 351 984 78 
1117 757 160 438 450 144 687 1107 
650 204 782 1082 1082 794 188 560 
1159 702 1223 311 291 43 728 1207 
314 1110 359 475 463