724 357 100 852 212 726 365 764 
357 172 820 515 563 764 172 373 
742 170 131 1215 1199 49 768 766 
188 449 1175 1060 1060 1199 491 188 
122 507 1183 1100 1018 1175 465 220 
734 804 99 1133 1215 115 780 116 
989 228 812 491 491 756 220 381 
724 333 750 188 164 726 397 740 
559 410 761 392 976 777 442 575 
34 615 625 219 879 1233 575 58 
93 103 745 668 602 777 111 29 
282 629 23 1160 1160 1249 609 274 
13 123 769 570 582 753 53 03 
1244 1167 571 157 157 583 1151 1154 
453 400 695 420 400 765 426 501 
585 204 524 1202 1190